"Date Heure, GMT+01:00","Temp., °C (LGR S/N: 10117164, SEN S/N: 10117164)","Temp., °C (LGR S/N: 10117164, SEN S/N: 10117164)","Temp., °C (LGR S/N: 10117164, SEN S/N: 10117164)","Temp., °C (LGR S/N: 10117164, SEN S/N: 10117164)"
07/12/16 11:00:00 AM,22.154,21.604,20.317,20.65
07/12/16 11:15:00 AM,26.5,27.038,23.737,21.819
07/12/16 11:30:00 AM,14.553,13.738,13.69,13.738
07/12/16 11:45:00 AM,14.768,14.002,13.954,14.002
07/12/16 12:00:00 PM,15.031,14.649,14.816,15.079
07/12/16 12:15:00 PM,15.27,14.433,14.673,14.912
07/12/16 12:30:00 PM,15.175,14.314,14.505,14.697
07/12/16 12:45:00 PM,15.127,14.218,14.385,14.529
07/12/16 01:00:00 PM,15.127,14.146,14.29,14.409
07/12/16 01:15:00 PM,15.127,14.098,14.218,14.314
07/12/16 01:30:00 PM,15.127,14.074,14.17,14.242
07/12/16 01:45:00 PM,15.151,14.05,14.122,14.17
07/12/16 02:00:00 PM,15.151,14.026,14.074,14.122
07/12/16 02:15:00 PM,15.199,14.002,14.05,14.098
07/12/16 02:30:00 PM,15.223,14.002,14.026,14.074
07/12/16 02:45:00 PM,15.27,14.002,14.002,14.074
07/12/16 03:00:00 PM,15.318,13.978,13.978,14.05
07/12/16 03:15:00 PM,15.318,13.978,13.954,14.026
07/12/16 03:30:00 PM,15.366,13.978,13.93,14.002
07/12/16 03:45:00 PM,15.485,14.098,13.906,14.002
07/12/16 04:00:00 PM,15.557,14.337,13.906,14.026
07/12/16 04:15:00 PM,15.581,14.337,13.882,14.242
07/12/16 04:30:00 PM,15.605,14.337,13.882,14.242
07/12/16 04:45:00 PM,15.605,14.337,13.858,14.242
07/12/16 05:00:00 PM,15.605,14.314,13.858,14.242
07/12/16 05:15:00 PM,15.605,14.314,13.834,14.194
07/12/16 05:30:00 PM,15.581,14.314,13.834,14.194
07/12/16 05:45:00 PM,15.605,14.314,13.834,14.194
07/12/16 06:00:00 PM,15.652,14.314,13.81,14.194
07/12/16 06:15:00 PM,15.676,14.314,13.81,14.17
07/12/16 06:30:00 PM,15.7,14.337,13.81,14.17
07/12/16 06:45:00 PM,15.7,14.337,13.786,14.17
07/12/16 07:00:00 PM,15.676,14.361,13.786,14.17
07/12/16 07:15:00 PM,15.652,14.361,13.786,14.146
07/12/16 07:30:00 PM,15.629,14.337,13.762,14.146
07/12/16 07:45:00 PM,15.629,14.337,13.762,14.146
07/12/16 08:00:00 PM,15.581,14.337,13.762,14.146
07/12/16 08:15:00 PM,15.557,14.337,13.762,14.146
07/12/16 08:30:00 PM,15.533,14.385,13.762,14.122
07/12/16 08:45:00 PM,15.509,14.409,13.762,14.122
07/12/16 09:00:00 PM,15.461,14.433,13.762,14.098
07/12/16 09:15:00 PM,15.438,14.409,13.738,14.05
07/12/16 09:30:00 PM,15.39,14.385,13.738,14.026
07/12/16 09:45:00 PM,15.39,14.385,13.738,14.026
07/12/16 10:00:00 PM,15.342,14.385,13.738,14.026
07/12/16 10:15:00 PM,15.342,14.361,13.738,14.026
07/12/16 10:30:00 PM,15.318,14.361,13.738,14.026
07/12/16 10:45:00 PM,15.27,14.361,13.738,14.026
07/12/16 11:00:00 PM,15.247,14.361,13.738,14.05
07/12/16 11:15:00 PM,15.223,14.337,13.738,14.05
07/12/16 11:30:00 PM,15.175,14.337,13.738,14.026
07/12/16 11:45:00 PM,15.127,14.314,13.738,14.002
07/13/16 12:00:00 AM,15.103,14.314,13.738,14.002
07/13/16 12:15:00 AM,15.055,14.29,13.738,14.002
07/13/16 12:30:00 AM,15.031,14.29,13.738,14.002
07/13/16 12:45:00 AM,15.008,14.266,13.738,14.002
07/13/16 01:00:00 AM,14.96,14.242,13.738,13.978
07/13/16 01:15:00 AM,14.936,14.242,13.714,13.978
07/13/16 01:30:00 AM,14.912,14.218,13.738,13.954
07/13/16 01:45:00 AM,14.888,14.218,13.714,13.954
07/13/16 02:00:00 AM,14.84,14.194,13.714,13.954
07/13/16 02:15:00 AM,14.816,14.17,13.714,13.954
07/13/16 02:30:00 AM,14.768,14.17,13.714,13.954
07/13/16 02:45:00 AM,14.745,14.146,13.714,13.93
07/13/16 03:00:00 AM,14.721,14.146,13.714,13.954
07/13/16 03:15:00 AM,14.697,14.146,13.714,13.93
07/13/16 03:30:00 AM,14.673,14.122,13.714,13.954
07/13/16 03:45:00 AM,14.649,14.146,13.714,13.93
07/13/16 04:00:00 AM,14.625,14.122,13.714,13.93
07/13/16 04:15:00 AM,14.601,14.098,13.714,13.954
07/13/16 04:30:00 AM,14.601,14.098,13.714,13.954
07/13/16 04:45:00 AM,14.577,14.074,13.714,13.954
07/13/16 05:00:00 AM,14.553,14.074,13.69,13.93
07/13/16 05:15:00 AM,14.529,14.05,13.69,13.954
07/13/16 05:30:00 AM,14.529,14.026,13.69,13.93
07/13/16 05:45:00 AM,14.505,14.026,13.69,13.93
07/13/16 06:00:00 AM,14.481,14.002,13.69,13.93
07/13/16 06:15:00 AM,14.457,14.002,13.69,13.93
07/13/16 06:30:00 AM,14.433,13.978,13.69,13.93
07/13/16 06:45:00 AM,14.433,13.978,13.666,13.93
07/13/16 07:00:00 AM,14.433,13.954,13.666,13.93
07/13/16 07:15:00 AM,14.409,13.93,13.666,13.93
07/13/16 07:30:00 AM,14.409,13.954,13.666,13.93
07/13/16 07:45:00 AM,14.409,13.93,13.666,13.93
07/13/16 08:00:00 AM,14.409,13.906,13.666,13.93
07/13/16 08:15:00 AM,14.385,13.906,13.666,13.93
07/13/16 08:30:00 AM,14.385,13.882,13.642,13.93
07/13/16 08:45:00 AM,14.409,13.882,13.642,13.93
07/13/16 09:00:00 AM,14.409,13.858,13.642,13.93
07/13/16 09:15:00 AM,14.409,13.834,13.642,13.93
07/13/16 09:30:00 AM,14.433,13.834,13.642,13.93
07/13/16 09:45:00 AM,14.457,13.81,13.618,13.93
07/13/16 10:00:00 AM,14.481,13.786,13.618,13.93
07/13/16 10:15:00 AM,14.505,13.762,13.618,13.93
07/13/16 10:30:00 AM,14.553,13.714,13.618,13.93
07/13/16 10:45:00 AM,14.601,13.69,13.618,13.93
07/13/16 11:00:00 AM,14.649,13.666,13.618,13.93
07/13/16 11:15:00 AM,14.697,13.642,13.618,13.93
07/13/16 11:30:00 AM,14.721,13.618,13.594,13.93
07/13/16 11:45:00 AM,14.745,13.594,13.594,13.906
07/13/16 12:00:00 PM,14.768,13.594,13.594,13.906
07/13/16 12:15:00 PM,14.792,13.594,13.594,13.906
07/13/16 12:30:00 PM,14.816,13.57,13.594,13.906
07/13/16 12:45:00 PM,14.816,13.57,13.594,13.906
07/13/16 01:00:00 PM,14.84,13.594,13.57,13.906
07/13/16 01:15:00 PM,14.864,13.594,13.57,13.906
07/13/16 01:30:00 PM,14.912,13.594,13.57,13.906
07/13/16 01:45:00 PM,14.936,13.594,13.57,13.906
07/13/16 02:00:00 PM,14.96,13.618,13.57,13.906
07/13/16 02:15:00 PM,14.96,13.642,13.57,13.906
07/13/16 02:30:00 PM,14.936,13.666,13.57,13.906
07/13/16 02:45:00 PM,14.936,13.69,13.546,13.882
07/13/16 03:00:00 PM,14.912,13.714,13.546,13.906
07/13/16 03:15:00 PM,14.912,13.738,13.546,13.906
07/13/16 03:30:00 PM,14.912,13.762,13.546,13.882
07/13/16 03:45:00 PM,14.888,13.786,13.546,13.882
07/13/16 04:00:00 PM,14.888,13.81,13.546,13.882
07/13/16 04:15:00 PM,14.888,13.81,13.546,13.882
07/13/16 04:30:00 PM,14.888,13.834,13.546,13.906
07/13/16 04:45:00 PM,14.888,13.834,13.546,13.882
07/13/16 05:00:00 PM,14.888,13.834,13.522,13.906
07/13/16 05:15:00 PM,14.888,13.834,13.522,13.882
07/13/16 05:30:00 PM,14.888,13.834,13.522,13.882
07/13/16 05:45:00 PM,14.888,13.834,13.522,13.882
07/13/16 06:00:00 PM,14.888,13.834,13.546,13.882
07/13/16 06:15:00 PM,14.888,13.834,13.522,13.882
07/13/16 06:30:00 PM,14.888,13.834,13.522,13.882
07/13/16 06:45:00 PM,14.888,13.834,13.522,13.882
07/13/16 07:00:00 PM,14.888,13.834,13.522,13.882
07/13/16 07:15:00 PM,14.888,13.834,13.522,13.882
07/13/16 07:30:00 PM,14.888,13.834,13.522,13.882
07/13/16 07:45:00 PM,14.864,13.834,13.522,13.882
07/13/16 08:00:00 PM,14.84,13.834,13.522,13.882
07/13/16 08:15:00 PM,14.84,13.834,13.522,13.882
07/13/16 08:30:00 PM,14.792,13.834,13.522,13.882
07/13/16 08:45:00 PM,14.768,13.834,13.522,13.882
07/13/16 09:00:00 PM,14.745,13.834,13.522,13.882
07/13/16 09:15:00 PM,14.721,13.81,13.522,13.882
07/13/16 09:30:00 PM,14.697,13.834,13.522,13.882
07/13/16 09:45:00 PM,14.649,13.81,13.522,13.882
07/13/16 10:00:00 PM,14.625,13.81,13.522,13.858
07/13/16 10:15:00 PM,14.577,13.81,13.522,13.858
07/13/16 10:30:00 PM,14.553,13.81,13.522,13.858
07/13/16 10:45:00 PM,14.529,13.81,13.522,13.858
07/13/16 11:00:00 PM,14.505,13.81,13.522,13.858
07/13/16 11:15:00 PM,14.457,13.786,13.522,13.858
07/13/16 11:30:00 PM,14.433,13.786,13.522,13.858
07/13/16 11:45:00 PM,14.385,13.786,13.522,13.858
07/14/16 12:00:00 AM,14.361,13.786,13.522,13.858
07/14/16 12:15:00 AM,14.314,13.762,13.497,13.858
07/14/16 12:30:00 AM,14.29,13.762,13.497,13.834
07/14/16 12:45:00 AM,14.242,13.738,13.497,13.834
07/14/16 01:00:00 AM,14.218,13.738,13.497,13.834
07/14/16 01:15:00 AM,14.17,13.738,13.497,13.834
07/14/16 01:30:00 AM,14.122,13.714,13.497,13.834
07/14/16 01:45:00 AM,14.098,13.738,13.497,13.834
07/14/16 02:00:00 AM,14.05,13.714,13.497,13.81
07/14/16 02:15:00 AM,14.026,13.69,13.497,13.81
07/14/16 02:30:00 AM,14.002,13.666,13.497,13.81
07/14/16 02:45:00 AM,14.026,13.666,13.497,13.786
07/14/16 03:00:00 AM,14.05,13.642,13.473,13.786
07/14/16 03:15:00 AM,14.05,13.618,13.473,13.786
07/14/16 03:30:00 AM,13.978,13.594,13.473,13.786
07/14/16 03:45:00 AM,13.954,13.57,13.473,13.786
07/14/16 04:00:00 AM,13.954,13.594,13.473,13.786
07/14/16 04:15:00 AM,13.882,13.57,13.473,13.786
07/14/16 04:30:00 AM,13.81,13.57,13.473,13.786
07/14/16 04:45:00 AM,13.738,13.522,13.473,13.762
07/14/16 05:00:00 AM,13.618,13.497,13.473,13.786
07/14/16 05:15:00 AM,13.594,13.473,13.473,13.762
07/14/16 05:30:00 AM,13.546,13.449,13.449,13.762
07/14/16 05:45:00 AM,13.522,13.425,13.449,13.762
07/14/16 06:00:00 AM,13.473,13.401,13.449,13.762
07/14/16 06:15:00 AM,13.473,13.377,13.449,13.762
07/14/16 06:30:00 AM,13.425,13.353,13.449,13.762
07/14/16 06:45:00 AM,13.425,13.353,13.449,13.762
07/14/16 07:00:00 AM,13.401,13.329,13.425,13.762
07/14/16 07:15:00 AM,13.401,13.305,13.425,13.762
07/14/16 07:30:00 AM,13.401,13.281,13.425,13.762
07/14/16 07:45:00 AM,13.401,13.257,13.425,13.762
07/14/16 08:00:00 AM,13.401,13.257,13.401,13.762
07/14/16 08:15:00 AM,13.425,13.233,13.401,13.762
07/14/16 08:30:00 AM,13.425,13.257,13.401,13.786
07/14/16 08:45:00 AM,13.473,13.233,13.401,13.762
07/14/16 09:00:00 AM,13.473,13.209,13.377,13.762
07/14/16 09:15:00 AM,13.473,13.209,13.377,13.762
07/14/16 09:30:00 AM,13.473,13.185,13.377,13.762
07/14/16 09:45:00 AM,13.473,13.185,13.377,13.762
07/14/16 10:00:00 AM,13.497,13.209,13.353,13.738
07/14/16 10:15:00 AM,13.522,13.185,13.353,13.738
07/14/16 10:30:00 AM,13.522,13.185,13.353,13.738
07/14/16 10:45:00 AM,13.522,13.161,13.353,13.714
07/14/16 11:00:00 AM,13.546,13.161,13.329,13.714
07/14/16 11:15:00 AM,13.57,13.161,13.329,13.714
07/14/16 11:30:00 AM,13.594,13.185,13.329,13.714
07/14/16 11:45:00 AM,13.642,13.185,13.329,13.714
07/14/16 12:00:00 PM,13.69,13.185,13.329,13.714
07/14/16 12:15:00 PM,13.738,13.209,13.305,13.714
07/14/16 12:30:00 PM,13.786,13.233,13.305,13.714
07/14/16 12:45:00 PM,13.834,13.257,13.305,13.714
07/14/16 01:00:00 PM,13.906,13.257,13.281,13.714
07/14/16 01:15:00 PM,13.978,13.233,13.281,13.714
07/14/16 01:30:00 PM,14.074,13.233,13.281,13.714
07/14/16 01:45:00 PM,14.17,13.257,13.281,13.714
07/14/16 02:00:00 PM,14.242,13.257,13.257,13.714
07/14/16 02:15:00 PM,14.29,13.233,13.281,13.714
07/14/16 02:30:00 PM,14.337,13.257,13.257,13.714
07/14/16 02:45:00 PM,14.361,13.257,13.257,13.714
07/14/16 03:00:00 PM,14.361,13.281,13.257,13.69
07/14/16 03:15:00 PM,14.337,13.281,13.257,13.69
07/14/16 03:30:00 PM,14.314,13.305,13.233,13.69
07/14/16 03:45:00 PM,14.314,13.305,13.233,13.69
07/14/16 04:00:00 PM,14.337,13.329,13.233,13.69
07/14/16 04:15:00 PM,14.361,13.329,13.233,13.69
07/14/16 04:30:00 PM,14.385,13.353,13.233,13.69
07/14/16 04:45:00 PM,14.433,13.353,13.233,13.69
07/14/16 05:00:00 PM,14.481,13.353,13.233,13.69
07/14/16 05:15:00 PM,14.529,13.353,13.209,13.69
07/14/16 05:30:00 PM,14.577,13.377,13.209,13.69
07/14/16 05:45:00 PM,14.601,13.377,13.209,13.69
07/14/16 06:00:00 PM,14.625,13.401,13.209,13.69
07/14/16 06:15:00 PM,14.649,13.401,13.209,13.69
07/14/16 06:30:00 PM,14.649,13.401,13.209,13.69
07/14/16 06:45:00 PM,14.625,13.425,13.209,13.666
07/14/16 07:00:00 PM,14.625,13.425,13.209,13.666
07/14/16 07:15:00 PM,14.625,13.425,13.209,13.666
07/14/16 07:30:00 PM,14.625,13.449,13.209,13.666
07/14/16 07:45:00 PM,14.625,13.449,13.209,13.666
07/14/16 08:00:00 PM,14.601,13.473,13.209,13.666
07/14/16 08:15:00 PM,14.601,13.473,13.209,13.666
07/14/16 08:30:00 PM,14.601,13.473,13.209,13.666
07/14/16 08:45:00 PM,14.577,13.473,13.209,13.642
07/14/16 09:00:00 PM,14.577,13.497,13.209,13.642
07/14/16 09:15:00 PM,14.529,13.497,13.209,13.642
07/14/16 09:30:00 PM,14.529,13.497,13.209,13.642
07/14/16 09:45:00 PM,14.505,13.497,13.209,13.642
07/14/16 10:00:00 PM,14.481,13.522,13.209,13.642
07/14/16 10:15:00 PM,14.433,13.522,13.209,13.642
07/14/16 10:30:00 PM,14.385,13.522,13.209,13.642
07/14/16 10:45:00 PM,14.361,13.522,13.209,13.642
07/14/16 11:00:00 PM,14.314,13.522,13.209,13.642
07/14/16 11:15:00 PM,14.266,13.522,13.209,13.618
07/14/16 11:30:00 PM,14.242,13.522,13.209,13.642
07/14/16 11:45:00 PM,14.194,13.522,13.209,13.618
07/15/16 12:00:00 AM,14.17,13.522,13.209,13.618
07/15/16 12:15:00 AM,14.122,13.522,13.209,13.618
07/15/16 12:30:00 AM,14.098,13.497,13.209,13.618
07/15/16 12:45:00 AM,14.074,13.497,13.209,13.618
07/15/16 01:00:00 AM,14.05,13.497,13.209,13.618
07/15/16 01:15:00 AM,14.002,13.473,13.209,13.618
07/15/16 01:30:00 AM,13.978,13.473,13.233,13.618
07/15/16 01:45:00 AM,13.954,13.449,13.209,13.618
07/15/16 02:00:00 AM,13.93,13.449,13.209,13.618
07/15/16 02:15:00 AM,13.882,13.425,13.233,13.618
07/15/16 02:30:00 AM,13.858,13.425,13.209,13.618
07/15/16 02:45:00 AM,13.834,13.401,13.233,13.594
07/15/16 03:00:00 AM,13.786,13.377,13.233,13.594
07/15/16 03:15:00 AM,13.762,13.353,13.209,13.594
07/15/16 03:30:00 AM,13.738,13.329,13.209,13.594
07/15/16 03:45:00 AM,13.738,13.305,13.209,13.594
07/15/16 04:00:00 AM,13.714,13.281,13.209,13.594
07/15/16 04:15:00 AM,13.69,13.257,13.209,13.594
07/15/16 04:30:00 AM,13.666,13.257,13.209,13.594
07/15/16 04:45:00 AM,13.642,13.233,13.209,13.594
07/15/16 05:00:00 AM,13.618,13.209,13.209,13.594
07/15/16 05:15:00 AM,13.57,13.185,13.209,13.594
07/15/16 05:30:00 AM,13.546,13.185,13.209,13.594
07/15/16 05:45:00 AM,13.497,13.161,13.209,13.594
07/15/16 06:00:00 AM,13.497,13.161,13.209,13.594
07/15/16 06:15:00 AM,13.473,13.137,13.185,13.594
07/15/16 06:30:00 AM,13.425,13.137,13.209,13.594
07/15/16 06:45:00 AM,13.425,13.137,13.185,13.594
07/15/16 07:00:00 AM,13.401,13.112,13.209,13.594
07/15/16 07:15:00 AM,13.401,13.088,13.185,13.594
07/15/16 07:30:00 AM,13.401,13.088,13.185,13.594
07/15/16 07:45:00 AM,13.401,13.064,13.185,13.618
07/15/16 08:00:00 AM,13.401,13.064,13.185,13.618
07/15/16 08:15:00 AM,13.425,13.04,13.185,13.618
07/15/16 08:30:00 AM,13.425,13.04,13.185,13.618
07/15/16 08:45:00 AM,13.449,13.016,13.161,13.594
07/15/16 09:00:00 AM,13.473,12.992,13.161,13.594
07/15/16 09:15:00 AM,13.497,12.992,13.161,13.594
07/15/16 09:30:00 AM,13.57,12.968,13.161,13.594
07/15/16 09:45:00 AM,13.642,12.968,13.161,13.594
07/15/16 10:00:00 AM,13.714,12.944,13.161,13.594
07/15/16 10:15:00 AM,13.786,12.944,13.137,13.594
07/15/16 10:30:00 AM,13.858,12.944,13.137,13.594
07/15/16 10:45:00 AM,13.93,12.944,13.137,13.594
07/15/16 11:00:00 AM,14.002,12.944,13.137,13.594
07/15/16 11:15:00 AM,14.074,12.968,13.137,13.618
07/15/16 11:30:00 AM,14.146,12.968,13.137,13.594
07/15/16 11:45:00 AM,14.218,12.992,13.137,13.618
07/15/16 12:00:00 PM,14.266,12.992,13.112,13.618
07/15/16 12:15:00 PM,14.337,13.016,13.112,13.618
07/15/16 12:30:00 PM,14.385,13.04,13.112,13.594
07/15/16 12:45:00 PM,14.433,13.064,13.112,13.618
07/15/16 01:00:00 PM,14.529,13.088,13.088,13.594
07/15/16 01:15:00 PM,14.577,13.112,13.088,13.594
07/15/16 01:30:00 PM,14.625,13.137,13.088,13.594
07/15/16 01:45:00 PM,14.649,13.161,13.088,13.594
07/15/16 02:00:00 PM,14.649,13.185,13.088,13.594
07/15/16 02:15:00 PM,14.649,13.233,13.088,13.594
07/15/16 02:30:00 PM,14.673,13.257,13.088,13.618
07/15/16 02:45:00 PM,14.697,13.281,13.088,13.594
07/15/16 03:00:00 PM,14.721,13.305,13.088,13.618
07/15/16 03:15:00 PM,14.792,13.329,13.088,13.618
07/15/16 03:30:00 PM,14.84,13.353,13.088,13.594
07/15/16 03:45:00 PM,14.888,13.353,13.088,13.618
07/15/16 04:00:00 PM,14.936,13.353,13.064,13.594
07/15/16 04:15:00 PM,14.96,13.353,13.064,13.594
07/15/16 04:30:00 PM,14.96,13.377,13.064,13.594
07/15/16 04:45:00 PM,14.984,13.401,13.064,13.594
07/15/16 05:00:00 PM,15.008,13.401,13.064,13.594
07/15/16 05:15:00 PM,15.031,13.425,13.064,13.594
07/15/16 05:30:00 PM,15.055,13.425,13.064,13.594
07/15/16 05:45:00 PM,15.055,13.449,13.064,13.594
07/15/16 06:00:00 PM,15.079,13.473,13.088,13.57
07/15/16 06:15:00 PM,15.103,13.473,13.064,13.594
07/15/16 06:30:00 PM,15.103,13.497,13.088,13.57
07/15/16 06:45:00 PM,15.103,13.522,13.088,13.57
07/15/16 07:00:00 PM,15.103,13.522,13.088,13.57
07/15/16 07:15:00 PM,15.103,13.546,13.088,13.57
07/15/16 07:30:00 PM,15.103,13.57,13.088,13.57
07/15/16 07:45:00 PM,15.079,13.57,13.088,13.57
07/15/16 08:00:00 PM,15.079,13.57,13.088,13.57
07/15/16 08:15:00 PM,15.055,13.594,13.112,13.57
07/15/16 08:30:00 PM,15.055,13.594,13.088,13.57
07/15/16 08:45:00 PM,15.031,13.618,13.112,13.57
07/15/16 09:00:00 PM,14.984,13.618,13.112,13.57
07/15/16 09:15:00 PM,14.96,13.642,13.112,13.57
07/15/16 09:30:00 PM,14.936,13.642,13.112,13.546
07/15/16 09:45:00 PM,14.888,13.618,13.137,13.546
07/15/16 10:00:00 PM,14.864,13.618,13.137,13.57
07/15/16 10:15:00 PM,14.816,13.618,13.137,13.57
07/15/16 10:30:00 PM,14.792,13.594,13.137,13.57
07/15/16 10:45:00 PM,14.745,13.57,13.137,13.57
07/15/16 11:00:00 PM,14.697,13.546,13.137,13.546
07/15/16 11:15:00 PM,14.673,13.522,13.137,13.546
07/15/16 11:30:00 PM,14.649,13.522,13.137,13.546
07/15/16 11:45:00 PM,14.601,13.522,13.137,13.546
07/16/16 12:00:00 AM,14.577,13.497,13.161,13.546
07/16/16 12:15:00 AM,14.529,13.497,13.161,13.546
07/16/16 12:30:00 AM,14.481,13.497,13.161,13.546
07/16/16 12:45:00 AM,14.457,13.473,13.161,13.546
07/16/16 01:00:00 AM,14.409,13.473,13.161,13.546
07/16/16 01:15:00 AM,14.361,13.473,13.161,13.546
07/16/16 01:30:00 AM,14.337,13.449,13.185,13.522
07/16/16 01:45:00 AM,14.29,13.449,13.185,13.522
07/16/16 02:00:00 AM,14.266,13.449,13.185,13.522
07/16/16 02:15:00 AM,14.242,13.425,13.185,13.522
07/16/16 02:30:00 AM,14.194,13.425,13.185,13.546
07/16/16 02:45:00 AM,14.17,13.401,13.185,13.546
07/16/16 03:00:00 AM,14.146,13.377,13.185,13.546
07/16/16 03:15:00 AM,14.146,13.377,13.185,13.522
07/16/16 03:30:00 AM,14.098,13.377,13.185,13.522
07/16/16 03:45:00 AM,14.098,13.377,13.185,13.522
07/16/16 04:00:00 AM,14.074,13.353,13.185,13.546
07/16/16 04:15:00 AM,14.05,13.353,13.185,13.546
07/16/16 04:30:00 AM,14.026,13.329,13.185,13.546
07/16/16 04:45:00 AM,14.026,13.329,13.209,13.546
07/16/16 05:00:00 AM,14.002,13.329,13.209,13.522
07/16/16 05:15:00 AM,14.002,13.305,13.185,13.522
07/16/16 05:30:00 AM,13.978,13.329,13.209,13.522
07/16/16 05:45:00 AM,13.978,13.329,13.209,13.522
07/16/16 06:00:00 AM,13.978,13.329,13.185,13.522
07/16/16 06:15:00 AM,13.954,13.257,13.185,13.522
07/16/16 06:30:00 AM,13.954,13.233,13.209,13.522
07/16/16 06:45:00 AM,13.93,13.233,13.209,13.522
07/16/16 07:00:00 AM,13.93,13.233,13.185,13.522
07/16/16 07:15:00 AM,13.93,13.233,13.185,13.522
07/16/16 07:30:00 AM,13.93,13.209,13.185,13.497
07/16/16 07:45:00 AM,13.93,13.209,13.185,13.497
07/16/16 08:00:00 AM,13.93,13.064,13.185,13.497
07/16/16 08:15:00 AM,13.93,13.064,13.185,13.497
07/16/16 08:30:00 AM,13.93,13.04,13.185,13.473
07/16/16 08:45:00 AM,13.93,13.064,13.185,13.473
07/16/16 09:00:00 AM,13.93,13.064,13.185,13.473
07/16/16 09:15:00 AM,13.93,12.992,13.185,13.473
07/16/16 09:30:00 AM,13.954,12.992,13.185,13.473
07/16/16 09:45:00 AM,13.978,12.968,13.185,13.473
07/16/16 10:00:00 AM,13.978,12.968,13.185,13.473
07/16/16 10:15:00 AM,14.002,12.968,13.161,13.473
07/16/16 10:30:00 AM,14.026,12.968,13.161,13.449
07/16/16 10:45:00 AM,14.074,12.944,13.161,13.473
07/16/16 11:00:00 AM,14.098,12.944,13.161,13.473
07/16/16 11:15:00 AM,14.146,12.944,13.161,13.473
07/16/16 11:30:00 AM,14.194,12.944,13.161,13.473
07/16/16 11:45:00 AM,14.242,12.944,13.161,13.473
07/16/16 12:00:00 PM,14.266,12.944,13.161,13.473
07/16/16 12:15:00 PM,14.314,12.944,13.161,13.473
07/16/16 12:30:00 PM,14.361,12.944,13.161,13.473
07/16/16 12:45:00 PM,14.409,12.944,13.161,13.473
07/16/16 01:00:00 PM,14.457,12.944,13.137,13.473
07/16/16 01:15:00 PM,14.505,12.944,13.137,13.473
07/16/16 01:30:00 PM,14.577,12.992,13.137,13.473
07/16/16 01:45:00 PM,14.649,12.992,13.137,13.473
07/16/16 02:00:00 PM,14.721,12.992,13.137,13.473
07/16/16 02:15:00 PM,14.768,13.016,13.137,13.473
07/16/16 02:30:00 PM,14.84,12.968,13.137,13.473
07/16/16 02:45:00 PM,14.864,12.968,13.137,13.473
07/16/16 03:00:00 PM,14.912,12.992,13.137,13.473
07/16/16 03:15:00 PM,14.96,12.992,13.137,13.473
07/16/16 03:30:00 PM,14.984,12.992,13.137,13.449
07/16/16 03:45:00 PM,15.031,13.016,13.137,13.449
07/16/16 04:00:00 PM,15.079,13.016,13.137,13.449
07/16/16 04:15:00 PM,15.127,13.04,13.137,13.449
07/16/16 04:30:00 PM,15.151,13.064,13.137,13.449
07/16/16 04:45:00 PM,15.223,13.064,13.137,13.473
07/16/16 05:00:00 PM,15.27,13.088,13.137,13.449
07/16/16 05:15:00 PM,15.294,13.088,13.137,13.449
07/16/16 05:30:00 PM,15.342,13.112,13.137,13.473
07/16/16 05:45:00 PM,15.366,13.137,13.137,13.449
07/16/16 06:00:00 PM,15.39,13.185,13.137,13.449
07/16/16 06:15:00 PM,15.414,13.209,13.137,13.449
07/16/16 06:30:00 PM,15.438,13.233,13.137,13.449
07/16/16 06:45:00 PM,15.461,13.233,13.137,13.449
07/16/16 07:00:00 PM,15.485,13.257,13.137,13.449
07/16/16 07:15:00 PM,15.485,13.281,13.137,13.449
07/16/16 07:30:00 PM,15.485,13.305,13.137,13.449
07/16/16 07:45:00 PM,15.485,13.329,13.161,13.449
07/16/16 08:00:00 PM,15.485,13.329,13.161,13.449
07/16/16 08:15:00 PM,15.485,13.353,13.161,13.449
07/16/16 08:30:00 PM,15.509,13.377,13.161,13.449
07/16/16 08:45:00 PM,15.485,13.401,13.161,13.449
07/16/16 09:00:00 PM,15.461,13.401,13.161,13.449
07/16/16 09:15:00 PM,15.438,13.425,13.185,13.449
07/16/16 09:30:00 PM,15.39,13.449,13.185,13.449
07/16/16 09:45:00 PM,15.366,13.473,13.185,13.449
07/16/16 10:00:00 PM,15.318,13.473,13.185,13.449
07/16/16 10:15:00 PM,15.294,13.497,13.185,13.449
07/16/16 10:30:00 PM,15.247,13.522,13.185,13.449
07/16/16 10:45:00 PM,15.199,13.546,13.209,13.449
07/16/16 11:00:00 PM,15.175,13.57,13.209,13.449
07/16/16 11:15:00 PM,15.151,13.618,13.209,13.449
07/16/16 11:30:00 PM,15.127,13.618,13.209,13.449
07/16/16 11:45:00 PM,15.103,13.618,13.233,13.449
07/17/16 12:00:00 AM,15.055,13.642,13.233,13.449
07/17/16 12:15:00 AM,15.031,13.642,13.233,13.449
07/17/16 12:30:00 AM,15.008,13.642,13.233,13.449
07/17/16 12:45:00 AM,14.984,13.642,13.233,13.449
07/17/16 01:00:00 AM,14.96,13.642,13.233,13.449
07/17/16 01:15:00 AM,14.912,13.618,13.257,13.449
07/17/16 01:30:00 AM,14.888,13.618,13.257,13.449
07/17/16 01:45:00 AM,14.84,13.618,13.257,13.449
07/17/16 02:00:00 AM,14.792,13.618,13.257,13.449
07/17/16 02:15:00 AM,14.768,13.594,13.257,13.449
07/17/16 02:30:00 AM,14.745,13.594,13.257,13.449
07/17/16 02:45:00 AM,14.697,13.594,13.281,13.449
07/17/16 03:00:00 AM,14.673,13.57,13.281,13.449
07/17/16 03:15:00 AM,14.649,13.57,13.281,13.449
07/17/16 03:30:00 AM,14.625,13.57,13.281,13.449
07/17/16 03:45:00 AM,14.601,13.546,13.281,13.449
07/17/16 04:00:00 AM,14.577,13.546,13.281,13.449
07/17/16 04:15:00 AM,14.529,13.546,13.281,13.449
07/17/16 04:30:00 AM,14.505,13.546,13.281,13.449
07/17/16 04:45:00 AM,14.481,13.522,13.305,13.449
07/17/16 05:00:00 AM,14.457,13.522,13.305,13.449
07/17/16 05:15:00 AM,14.409,13.497,13.305,13.449
07/17/16 05:30:00 AM,14.385,13.497,13.305,13.449
07/17/16 05:45:00 AM,14.361,13.497,13.305,13.449
07/17/16 06:00:00 AM,14.337,13.473,13.305,13.449
07/17/16 06:15:00 AM,14.314,13.473,13.305,13.449
07/17/16 06:30:00 AM,14.314,13.449,13.305,13.449
07/17/16 06:45:00 AM,14.29,13.449,13.305,13.473
07/17/16 07:00:00 AM,14.266,13.449,13.305,13.473
07/17/16 07:15:00 AM,14.242,13.449,13.305,13.473
07/17/16 07:30:00 AM,14.242,13.425,13.305,13.473
07/17/16 07:45:00 AM,14.242,13.401,13.305,13.473
07/17/16 08:00:00 AM,14.242,13.401,13.305,13.473
07/17/16 08:15:00 AM,14.242,13.353,13.305,13.473
07/17/16 08:30:00 AM,14.266,13.329,13.305,13.473
07/17/16 08:45:00 AM,14.29,13.305,13.305,13.473
07/17/16 09:00:00 AM,14.314,13.305,13.305,13.473
07/17/16 09:15:00 AM,14.361,13.305,13.305,13.497
07/17/16 09:30:00 AM,14.385,13.281,13.305,13.497
07/17/16 09:45:00 AM,14.433,13.281,13.305,13.497
07/17/16 10:00:00 AM,14.505,13.281,13.305,13.497
07/17/16 10:15:00 AM,14.553,13.257,13.305,13.497
07/17/16 10:30:00 AM,14.625,13.257,13.305,13.497
07/17/16 10:45:00 AM,14.673,13.257,13.305,13.497
07/17/16 11:00:00 AM,14.768,13.257,13.305,13.497
07/17/16 11:15:00 AM,14.84,13.257,13.281,13.497
07/17/16 11:30:00 AM,14.936,13.257,13.305,13.497
07/17/16 11:45:00 AM,15.008,13.257,13.305,13.522
07/17/16 12:00:00 PM,15.079,13.257,13.305,13.497
07/17/16 12:15:00 PM,15.151,13.257,13.281,13.522
07/17/16 12:30:00 PM,15.247,13.281,13.281,13.522
07/17/16 12:45:00 PM,15.342,13.281,13.281,13.522
07/17/16 01:00:00 PM,15.414,13.305,13.281,13.522
07/17/16 01:15:00 PM,15.485,13.305,13.281,13.522
07/17/16 01:30:00 PM,15.557,13.329,13.281,13.522
07/17/16 01:45:00 PM,15.629,13.329,13.281,13.522
07/17/16 02:00:00 PM,15.7,13.353,13.281,13.522
07/17/16 02:15:00 PM,15.772,13.377,13.281,13.522
07/17/16 02:30:00 PM,15.843,13.377,13.281,13.522
07/17/16 02:45:00 PM,15.915,13.425,13.281,13.522
07/17/16 03:00:00 PM,15.963,13.425,13.281,13.522
07/17/16 03:15:00 PM,15.986,13.449,13.281,13.522
07/17/16 03:30:00 PM,16.01,13.473,13.281,13.522
07/17/16 03:45:00 PM,16.058,13.497,13.281,13.522
07/17/16 04:00:00 PM,16.106,13.522,13.281,13.546
07/17/16 04:15:00 PM,16.129,13.546,13.281,13.522
07/17/16 04:30:00 PM,16.153,13.57,13.305,13.546
07/17/16 04:45:00 PM,16.201,13.594,13.305,13.522
07/17/16 05:00:00 PM,16.225,13.618,13.305,13.522
07/17/16 05:15:00 PM,16.249,13.642,13.305,13.546
07/17/16 05:30:00 PM,16.272,13.666,13.305,13.546
07/17/16 05:45:00 PM,16.296,13.69,13.305,13.546
07/17/16 06:00:00 PM,16.296,13.714,13.329,13.546
07/17/16 06:15:00 PM,16.32,13.738,13.329,13.522
07/17/16 06:30:00 PM,16.32,13.762,13.329,13.522
07/17/16 06:45:00 PM,16.344,13.786,13.329,13.546
07/17/16 07:00:00 PM,16.344,13.786,13.329,13.546
07/17/16 07:15:00 PM,16.344,13.834,13.353,13.546
07/17/16 07:30:00 PM,16.368,13.834,13.353,13.546
07/17/16 07:45:00 PM,16.344,13.858,13.353,13.522
07/17/16 08:00:00 PM,16.344,13.882,13.353,13.546
07/17/16 08:15:00 PM,16.32,13.906,13.377,13.546
07/17/16 08:30:00 PM,16.296,13.93,13.377,13.546
07/17/16 08:45:00 PM,16.296,13.954,13.377,13.546
07/17/16 09:00:00 PM,16.249,13.978,13.401,13.546
07/17/16 09:15:00 PM,16.225,14.002,13.401,13.546
07/17/16 09:30:00 PM,16.177,14.026,13.401,13.546
07/17/16 09:45:00 PM,16.129,14.026,13.401,13.546
07/17/16 10:00:00 PM,16.082,14.05,13.401,13.546
07/17/16 10:15:00 PM,16.034,14.074,13.425,13.546
07/17/16 10:30:00 PM,15.986,14.074,13.425,13.546
07/17/16 10:45:00 PM,15.939,14.098,13.425,13.546
07/17/16 11:00:00 PM,15.867,14.098,13.449,13.546
07/17/16 11:15:00 PM,15.819,14.098,13.449,13.546
07/17/16 11:30:00 PM,15.772,14.122,13.473,13.546
07/17/16 11:45:00 PM,15.7,14.122,13.473,13.546
07/18/16 12:00:00 AM,15.652,14.122,13.473,13.546
07/18/16 12:15:00 AM,15.605,14.122,13.473,13.546
07/18/16 12:30:00 AM,15.557,14.122,13.497,13.546
07/18/16 12:45:00 AM,15.485,14.122,13.497,13.57
07/18/16 01:00:00 AM,15.438,14.122,13.522,13.57
07/18/16 01:15:00 AM,15.39,14.122,13.522,13.57
07/18/16 01:30:00 AM,15.342,14.098,13.522,13.57
07/18/16 01:45:00 AM,15.294,14.122,13.522,13.57
07/18/16 02:00:00 AM,15.27,14.098,13.522,13.57
07/18/16 02:15:00 AM,15.223,14.098,13.546,13.57
07/18/16 02:30:00 AM,15.199,14.074,13.546,13.57
07/18/16 02:45:00 AM,15.151,14.074,13.546,13.57
07/18/16 03:00:00 AM,15.103,14.05,13.546,13.57
07/18/16 03:15:00 AM,15.055,14.05,13.546,13.57
07/18/16 03:30:00 AM,15.031,14.026,13.546,13.57
07/18/16 03:45:00 AM,15.008,14.026,13.57,13.594
07/18/16 04:00:00 AM,14.984,14.026,13.57,13.594
07/18/16 04:15:00 AM,14.936,14.002,13.57,13.594
07/18/16 04:30:00 AM,14.888,14.002,13.57,13.594
07/18/16 04:45:00 AM,14.864,13.978,13.57,13.594
07/18/16 05:00:00 AM,14.84,13.978,13.57,13.594
07/18/16 05:15:00 AM,14.792,13.954,13.57,13.594
07/18/16 05:30:00 AM,14.768,13.954,13.57,13.594
07/18/16 05:45:00 AM,14.745,13.93,13.594,13.594
07/18/16 06:00:00 AM,14.721,13.93,13.594,13.594
07/18/16 06:15:00 AM,14.697,13.906,13.594,13.618
07/18/16 06:30:00 AM,14.673,13.906,13.594,13.618
07/18/16 06:45:00 AM,14.649,13.882,13.594,13.618
07/18/16 07:00:00 AM,14.625,13.882,13.594,13.618
07/18/16 07:15:00 AM,14.601,13.858,13.594,13.618
07/18/16 07:30:00 AM,14.601,13.858,13.594,13.618
07/18/16 07:45:00 AM,14.601,13.858,13.594,13.642
07/18/16 08:00:00 AM,14.601,13.858,13.594,13.642
07/18/16 08:15:00 AM,14.625,13.834,13.594,13.642
07/18/16 08:30:00 AM,14.649,13.834,13.594,13.642
07/18/16 08:45:00 AM,14.673,13.81,13.594,13.642
07/18/16 09:00:00 AM,14.697,13.81,13.594,13.642
07/18/16 09:15:00 AM,14.721,13.81,13.594,13.666
07/18/16 09:30:00 AM,14.792,13.786,13.594,13.666
07/18/16 09:45:00 AM,14.84,13.786,13.57,13.666
07/18/16 10:00:00 AM,14.888,13.762,13.57,13.666
07/18/16 10:15:00 AM,14.96,13.762,13.57,13.666
07/18/16 10:30:00 AM,15.031,13.762,13.57,13.666
07/18/16 10:45:00 AM,15.103,13.762,13.57,13.69
07/18/16 11:00:00 AM,15.175,13.762,13.57,13.69
07/18/16 11:15:00 AM,15.247,13.762,13.57,13.69
07/18/16 11:30:00 AM,15.342,13.762,13.57,13.69
07/18/16 11:45:00 AM,15.414,13.762,13.57,13.69
07/18/16 12:00:00 PM,15.485,13.786,13.57,13.69
07/18/16 12:15:00 PM,15.581,13.786,13.57,13.69
07/18/16 12:30:00 PM,15.652,13.786,13.57,13.714
07/18/16 12:45:00 PM,15.724,13.81,13.57,13.69
07/18/16 01:00:00 PM,15.819,13.834,13.57,13.714
07/18/16 01:15:00 PM,15.867,13.858,13.546,13.714
07/18/16 01:30:00 PM,15.915,13.882,13.546,13.714
07/18/16 01:45:00 PM,15.963,13.882,13.546,13.714
07/18/16 02:00:00 PM,16.034,13.906,13.546,13.714
07/18/16 02:15:00 PM,16.106,13.93,13.546,13.714
07/18/16 02:30:00 PM,16.153,13.954,13.546,13.714
07/18/16 02:45:00 PM,16.225,13.954,13.546,13.714
07/18/16 03:00:00 PM,16.249,13.978,13.546,13.714
07/18/16 03:15:00 PM,16.296,13.978,13.546,13.714
07/18/16 03:30:00 PM,16.32,14.002,13.546,13.714
07/18/16 03:45:00 PM,16.344,14.026,13.57,13.714
07/18/16 04:00:00 PM,16.368,14.05,13.57,13.714
07/18/16 04:15:00 PM,16.392,14.074,13.57,13.714
07/18/16 04:30:00 PM,16.415,14.122,13.57,13.714
07/18/16 04:45:00 PM,16.463,14.17,13.57,13.714
07/18/16 05:00:00 PM,16.487,14.17,13.57,13.738
07/18/16 05:15:00 PM,16.511,14.194,13.57,13.714
07/18/16 05:30:00 PM,16.534,14.218,13.57,13.738
07/18/16 05:45:00 PM,16.558,14.266,13.57,13.738
07/18/16 06:00:00 PM,16.582,14.29,13.594,13.738
07/18/16 06:15:00 PM,16.582,14.29,13.594,13.714
07/18/16 06:30:00 PM,16.582,14.314,13.594,13.714
07/18/16 06:45:00 PM,16.606,14.337,13.594,13.738
07/18/16 07:00:00 PM,16.63,14.361,13.594,13.738
07/18/16 07:15:00 PM,16.63,14.385,13.594,13.738
07/18/16 07:30:00 PM,16.63,14.409,13.618,13.738
07/18/16 07:45:00 PM,16.63,14.409,13.618,13.738
07/18/16 08:00:00 PM,16.63,14.433,13.618,13.738
07/18/16 08:15:00 PM,16.606,14.457,13.618,13.738
07/18/16 08:30:00 PM,16.582,14.457,13.642,13.738
07/18/16 08:45:00 PM,16.534,14.481,13.642,13.738
07/18/16 09:00:00 PM,16.511,14.505,13.642,13.738
07/18/16 09:15:00 PM,16.487,14.505,13.666,13.738
07/18/16 09:30:00 PM,16.439,14.529,13.666,13.738
07/18/16 09:45:00 PM,16.392,14.553,13.666,13.738
07/18/16 10:00:00 PM,16.32,14.553,13.666,13.738
07/18/16 10:15:00 PM,16.272,14.553,13.69,13.738
07/18/16 10:30:00 PM,16.225,14.577,13.69,13.738
07/18/16 10:45:00 PM,16.177,14.577,13.69,13.738
07/18/16 11:00:00 PM,16.129,14.577,13.69,13.738
07/18/16 11:15:00 PM,16.058,14.577,13.714,13.738
07/18/16 11:30:00 PM,15.986,14.577,13.714,13.762
07/18/16 11:45:00 PM,15.939,14.577,13.714,13.738
07/19/16 12:00:00 AM,15.891,14.577,13.714,13.762
07/19/16 12:15:00 AM,15.843,14.577,13.738,13.762
07/19/16 12:30:00 AM,15.772,14.577,13.738,13.762
07/19/16 12:45:00 AM,15.724,14.577,13.738,13.738
07/19/16 01:00:00 AM,15.652,14.577,13.762,13.762
07/19/16 01:15:00 AM,15.605,14.577,13.762,13.762
07/19/16 01:30:00 AM,15.557,14.553,13.762,13.762
07/19/16 01:45:00 AM,15.509,14.553,13.762,13.762
07/19/16 02:00:00 AM,15.461,14.529,13.786,13.762
07/19/16 02:15:00 AM,15.414,14.529,13.786,13.762
07/19/16 02:30:00 AM,15.366,14.505,13.786,13.762
07/19/16 02:45:00 AM,15.318,14.505,13.786,13.762
07/19/16 03:00:00 AM,15.27,14.481,13.786,13.762
07/19/16 03:15:00 AM,15.223,14.481,13.81,13.762
07/19/16 03:30:00 AM,15.199,14.481,13.786,13.762
07/19/16 03:45:00 AM,15.151,14.457,13.81,13.786
07/19/16 04:00:00 AM,15.103,14.433,13.81,13.762
07/19/16 04:15:00 AM,15.079,14.433,13.81,13.786
07/19/16 04:30:00 AM,15.031,14.409,13.81,13.786
07/19/16 04:45:00 AM,15.008,14.385,13.81,13.786
07/19/16 05:00:00 AM,14.96,14.385,13.81,13.786
07/19/16 05:15:00 AM,14.936,14.361,13.81,13.786
07/19/16 05:30:00 AM,14.912,14.337,13.81,13.786
07/19/16 05:45:00 AM,14.864,14.337,13.834,13.786
07/19/16 06:00:00 AM,14.84,14.314,13.81,13.786
07/19/16 06:15:00 AM,14.792,14.29,13.81,13.786
07/19/16 06:30:00 AM,14.768,14.29,13.81,13.81
07/19/16 06:45:00 AM,14.745,14.266,13.81,13.81
07/19/16 07:00:00 AM,14.721,14.242,13.81,13.81
07/19/16 07:15:00 AM,14.721,14.218,13.81,13.81
07/19/16 07:30:00 AM,14.697,14.218,13.81,13.81
07/19/16 07:45:00 AM,14.697,14.194,13.81,13.81
07/19/16 08:00:00 AM,14.721,14.17,13.81,13.834
07/19/16 08:15:00 AM,14.721,14.17,13.81,13.834
07/19/16 08:30:00 AM,14.745,14.146,13.81,13.834
07/19/16 08:45:00 AM,14.768,14.122,13.81,13.834
07/19/16 09:00:00 AM,14.816,14.122,13.81,13.834
07/19/16 09:15:00 AM,14.864,14.098,13.81,13.834
07/19/16 09:30:00 AM,14.936,14.098,13.81,13.834
07/19/16 09:45:00 AM,15.008,14.074,13.81,13.834
07/19/16 10:00:00 AM,15.079,14.074,13.81,13.858
07/19/16 10:15:00 AM,15.151,14.074,13.81,13.858
07/19/16 10:30:00 AM,15.223,14.074,13.786,13.858
07/19/16 10:45:00 AM,15.294,14.05,13.786,13.858
07/19/16 11:00:00 AM,15.39,14.05,13.786,13.858
07/19/16 11:15:00 AM,15.485,14.074,13.786,13.858
07/19/16 11:30:00 AM,15.581,14.074,13.786,13.858
07/19/16 11:45:00 AM,15.676,14.074,13.786,13.858
07/19/16 12:00:00 PM,15.748,14.074,13.786,13.858
07/19/16 12:15:00 PM,15.843,14.074,13.762,13.858
07/19/16 12:30:00 PM,15.939,14.098,13.762,13.858
07/19/16 12:45:00 PM,16.034,14.098,13.762,13.858
07/19/16 01:00:00 PM,16.129,14.122,13.762,13.858
07/19/16 01:15:00 PM,16.201,14.146,13.762,13.882
07/19/16 01:30:00 PM,16.272,14.146,13.762,13.882
07/19/16 01:45:00 PM,16.344,14.17,13.762,13.882
07/19/16 02:00:00 PM,16.415,14.194,13.762,13.882
07/19/16 02:15:00 PM,16.463,14.218,13.762,13.858
07/19/16 02:30:00 PM,16.534,14.242,13.762,13.858
07/19/16 02:45:00 PM,16.582,14.266,13.762,13.858
07/19/16 03:00:00 PM,16.63,14.29,13.762,13.858
07/19/16 03:15:00 PM,16.677,14.314,13.762,13.858
07/19/16 03:30:00 PM,16.701,14.337,13.762,13.858
07/19/16 03:45:00 PM,16.749,14.361,13.762,13.858
07/19/16 04:00:00 PM,16.773,14.385,13.762,13.858
07/19/16 04:15:00 PM,16.82,14.409,13.762,13.882
07/19/16 04:30:00 PM,16.844,14.433,13.762,13.858
07/19/16 04:45:00 PM,16.868,14.457,13.762,13.882
07/19/16 05:00:00 PM,16.892,14.481,13.786,13.858
07/19/16 05:15:00 PM,16.915,14.505,13.786,13.882
07/19/16 05:30:00 PM,16.963,14.529,13.786,13.882
07/19/16 05:45:00 PM,16.963,14.553,13.786,13.882
07/19/16 06:00:00 PM,16.987,14.577,13.786,13.882
07/19/16 06:15:00 PM,16.987,14.601,13.81,13.882
07/19/16 06:30:00 PM,17.011,14.625,13.786,13.882
07/19/16 06:45:00 PM,17.011,14.649,13.81,13.882
07/19/16 07:00:00 PM,17.011,14.673,13.81,13.882
07/19/16 07:15:00 PM,17.011,14.697,13.81,13.882
07/19/16 07:30:00 PM,17.011,14.697,13.81,13.882
07/19/16 07:45:00 PM,16.987,14.721,13.834,13.882
07/19/16 08:00:00 PM,16.987,14.745,13.834,13.882
07/19/16 08:15:00 PM,16.963,14.768,13.858,13.882
07/19/16 08:30:00 PM,16.915,14.792,13.834,13.882
07/19/16 08:45:00 PM,16.892,14.792,13.858,13.882
07/19/16 09:00:00 PM,16.844,14.816,13.858,13.882
07/19/16 09:15:00 PM,16.796,14.816,13.858,13.882
07/19/16 09:30:00 PM,16.749,14.84,13.882,13.882
07/19/16 09:45:00 PM,16.701,14.864,13.882,13.882
07/19/16 10:00:00 PM,16.654,14.864,13.882,13.882
07/19/16 10:15:00 PM,16.582,14.864,13.906,13.882
07/19/16 10:30:00 PM,16.511,14.864,13.906,13.882
07/19/16 10:45:00 PM,16.439,14.864,13.906,13.882
07/19/16 11:00:00 PM,16.392,14.888,13.906,13.882
07/19/16 11:15:00 PM,16.32,14.888,13.93,13.882
07/19/16 11:30:00 PM,16.249,14.888,13.93,13.882
07/19/16 11:45:00 PM,16.201,14.888,13.93,13.882
07/20/16 12:00:00 AM,16.153,14.888,13.93,13.882
07/20/16 12:15:00 AM,16.106,14.888,13.954,13.882
07/20/16 12:30:00 AM,16.034,14.888,13.954,13.882
07/20/16 12:45:00 AM,15.986,14.864,13.978,13.882
07/20/16 01:00:00 AM,15.939,14.864,13.978,13.906
07/20/16 01:15:00 AM,15.891,14.84,13.978,13.882
07/20/16 01:30:00 AM,15.843,14.84,13.978,13.882
07/20/16 01:45:00 AM,15.796,14.84,14.002,13.906
07/20/16 02:00:00 AM,15.724,14.816,14.002,13.906
07/20/16 02:15:00 AM,15.676,14.816,14.002,13.906
07/20/16 02:30:00 AM,15.629,14.816,14.002,13.906
07/20/16 02:45:00 AM,15.581,14.792,14.002,13.906
07/20/16 03:00:00 AM,15.533,14.768,14.026,13.906
07/20/16 03:15:00 AM,15.485,14.768,14.026,13.906
07/20/16 03:30:00 AM,15.461,14.745,14.026,13.906
07/20/16 03:45:00 AM,15.414,14.745,14.026,13.906
07/20/16 04:00:00 AM,15.39,14.721,14.026,13.906
07/20/16 04:15:00 AM,15.342,14.697,14.026,13.906
07/20/16 04:30:00 AM,15.294,14.697,14.026,13.93
07/20/16 04:45:00 AM,15.27,14.673,14.026,13.93
07/20/16 05:00:00 AM,15.247,14.649,14.026,13.93
07/20/16 05:15:00 AM,15.223,14.625,14.026,13.93
07/20/16 05:30:00 AM,15.175,14.625,14.05,13.93
07/20/16 05:45:00 AM,15.151,14.601,14.026,13.93
07/20/16 06:00:00 AM,15.127,14.601,14.05,13.93
07/20/16 06:15:00 AM,15.103,14.577,14.05,13.93
07/20/16 06:30:00 AM,15.055,14.553,14.05,13.93
07/20/16 06:45:00 AM,15.055,14.529,14.05,13.93
07/20/16 07:00:00 AM,15.031,14.529,14.05,13.954
07/20/16 07:15:00 AM,15.008,14.505,14.05,13.93
07/20/16 07:30:00 AM,15.008,14.505,14.05,13.954
07/20/16 07:45:00 AM,15.008,14.481,14.026,13.954
07/20/16 08:00:00 AM,15.008,14.457,14.05,13.954
07/20/16 08:15:00 AM,15.008,14.457,14.05,13.954
07/20/16 08:30:00 AM,15.031,14.433,14.026,13.954
07/20/16 08:45:00 AM,15.055,14.409,14.026,13.954
07/20/16 09:00:00 AM,15.103,14.409,14.026,13.954
07/20/16 09:15:00 AM,15.151,14.385,14.026,13.978
07/20/16 09:30:00 AM,15.199,14.385,14.026,13.978
07/20/16 09:45:00 AM,15.247,14.385,14.026,13.978
07/20/16 10:00:00 AM,15.342,14.361,14.026,13.978
07/20/16 10:15:00 AM,15.39,14.361,14.026,13.978
07/20/16 10:30:00 AM,15.461,14.361,14.026,13.978
07/20/16 10:45:00 AM,15.533,14.337,14.026,13.978
07/20/16 11:00:00 AM,15.605,14.337,14.002,13.978
07/20/16 11:15:00 AM,15.7,14.337,14.002,14.002
07/20/16 11:30:00 AM,15.772,14.361,14.002,14.002
07/20/16 11:45:00 AM,15.867,14.337,14.002,14.002
07/20/16 12:00:00 PM,15.939,14.361,14.002,14.002
07/20/16 12:15:00 PM,15.986,14.361,14.002,14.002
07/20/16 12:30:00 PM,16.01,14.361,14.002,14.002
07/20/16 12:45:00 PM,16.01,14.385,14.002,14.002
07/20/16 01:00:00 PM,16.034,14.385,13.978,14.002
07/20/16 01:15:00 PM,16.034,14.409,14.002,14.002
07/20/16 01:30:00 PM,16.058,14.409,14.002,14.002
07/20/16 01:45:00 PM,16.058,14.433,14.002,14.002
07/20/16 02:00:00 PM,16.082,14.433,13.978,14.002
07/20/16 02:15:00 PM,16.082,14.457,13.978,14.002
07/20/16 02:30:00 PM,16.106,14.457,13.978,14.002
07/20/16 02:45:00 PM,16.106,14.481,13.978,14.002
07/20/16 03:00:00 PM,16.129,14.481,13.978,14.002
07/20/16 03:15:00 PM,16.129,14.505,13.978,14.002
07/20/16 03:30:00 PM,16.177,14.505,13.978,14.002
07/20/16 03:45:00 PM,16.177,14.529,13.978,14.002
07/20/16 04:00:00 PM,16.177,14.529,13.978,14.002
07/20/16 04:15:00 PM,16.201,14.553,13.978,14.002
07/20/16 04:30:00 PM,16.201,14.553,13.978,14.002
07/20/16 04:45:00 PM,16.201,14.553,13.978,14.002
07/20/16 05:00:00 PM,16.201,14.553,13.978,14.002
07/20/16 05:15:00 PM,16.201,14.577,14.002,14.002
07/20/16 05:30:00 PM,16.225,14.577,13.978,14.002
07/20/16 05:45:00 PM,16.225,14.601,14.002,14.002
07/20/16 06:00:00 PM,16.225,14.601,14.002,14.002
07/20/16 06:15:00 PM,16.201,14.601,14.002,14.026
07/20/16 06:30:00 PM,16.201,14.625,14.002,14.002
07/20/16 06:45:00 PM,16.201,14.625,14.002,14.026
07/20/16 07:00:00 PM,16.201,14.625,14.002,14.026
07/20/16 07:15:00 PM,16.177,14.649,14.002,14.002
07/20/16 07:30:00 PM,16.177,14.649,14.002,14.002
07/20/16 07:45:00 PM,16.153,14.649,14.002,14.002
07/20/16 08:00:00 PM,16.129,14.673,14.002,14.002
07/20/16 08:15:00 PM,16.106,14.673,14.026,14.002
07/20/16 08:30:00 PM,16.082,14.673,14.026,14.026
07/20/16 08:45:00 PM,16.058,14.673,14.026,14.026
07/20/16 09:00:00 PM,16.01,14.673,14.026,14.026
07/20/16 09:15:00 PM,15.963,14.673,14.026,14.026
07/20/16 09:30:00 PM,15.939,14.697,14.026,14.026
07/20/16 09:45:00 PM,15.891,14.697,14.05,14.026
07/20/16 10:00:00 PM,15.867,14.697,14.05,14.026
07/20/16 10:15:00 PM,15.819,14.697,14.026,14.026
07/20/16 10:30:00 PM,15.772,14.697,14.05,14.026
07/20/16 10:45:00 PM,15.748,14.673,14.05,14.026
07/20/16 11:00:00 PM,15.724,14.673,14.05,14.026
07/20/16 11:15:00 PM,15.7,14.673,14.05,14.026
07/20/16 11:30:00 PM,15.676,14.673,14.05,14.026
07/20/16 11:45:00 PM,15.652,14.673,14.05,14.026
07/21/16 12:00:00 AM,15.629,14.673,14.05,14.026
07/21/16 12:15:00 AM,15.581,14.649,14.05,14.026
07/21/16 12:30:00 AM,15.581,14.649,14.05,14.026
07/21/16 12:45:00 AM,15.557,14.649,14.05,14.026
07/21/16 01:00:00 AM,15.509,14.649,14.074,14.026
07/21/16 01:15:00 AM,15.485,14.625,14.074,14.026
07/21/16 01:30:00 AM,15.461,14.625,14.074,14.026
07/21/16 01:45:00 AM,15.438,14.625,14.074,14.026
07/21/16 02:00:00 AM,15.414,14.601,14.074,14.026
07/21/16 02:15:00 AM,15.39,14.601,14.074,14.05
07/21/16 02:30:00 AM,15.342,14.601,14.074,14.05
07/21/16 02:45:00 AM,15.318,14.601,14.074,14.05
07/21/16 03:00:00 AM,15.294,14.577,14.074,14.05
07/21/16 03:15:00 AM,15.27,14.577,14.074,14.05
07/21/16 03:30:00 AM,15.247,14.553,14.074,14.05
07/21/16 03:45:00 AM,15.223,14.553,14.074,14.05
07/21/16 04:00:00 AM,15.199,14.529,14.074,14.05
07/21/16 04:15:00 AM,15.175,14.529,14.074,14.05
07/21/16 04:30:00 AM,15.151,14.529,14.074,14.05
07/21/16 04:45:00 AM,15.127,14.505,14.074,14.05
07/21/16 05:00:00 AM,15.103,14.505,14.074,14.05
07/21/16 05:15:00 AM,15.079,14.481,14.074,14.05
07/21/16 05:30:00 AM,15.055,14.481,14.074,14.05
07/21/16 05:45:00 AM,15.055,14.457,14.074,14.05
07/21/16 06:00:00 AM,15.008,14.457,14.074,14.05
07/21/16 06:15:00 AM,14.984,14.433,14.074,14.05
07/21/16 06:30:00 AM,14.984,14.433,14.074,14.05
07/21/16 06:45:00 AM,14.96,14.433,14.074,14.05
07/21/16 07:00:00 AM,14.936,14.409,14.074,14.05
07/21/16 07:15:00 AM,14.912,14.409,14.074,14.05
07/21/16 07:30:00 AM,14.912,14.385,14.074,14.05
07/21/16 07:45:00 AM,14.888,14.385,14.074,14.05
07/21/16 08:00:00 AM,14.912,14.361,14.05,14.05
07/21/16 08:15:00 AM,14.912,14.361,14.05,14.05
07/21/16 08:30:00 AM,14.912,14.337,14.074,14.05
07/21/16 08:45:00 AM,14.912,14.337,14.05,14.074
07/21/16 09:00:00 AM,14.936,14.314,14.05,14.074
07/21/16 09:15:00 AM,14.96,14.314,14.05,14.098
07/21/16 09:30:00 AM,14.984,14.314,14.05,14.098
07/21/16 09:45:00 AM,15.008,14.29,14.05,14.098
07/21/16 10:00:00 AM,15.055,14.29,14.05,14.074
07/21/16 10:15:00 AM,15.079,14.29,14.026,14.098
07/21/16 10:30:00 AM,15.127,14.29,14.026,14.074
07/21/16 10:45:00 AM,15.175,14.266,14.05,14.074
07/21/16 11:00:00 AM,15.199,14.266,14.026,14.074
07/21/16 11:15:00 AM,15.247,14.266,14.026,14.074
07/21/16 11:30:00 AM,15.294,14.266,14.026,14.074
07/21/16 11:45:00 AM,15.318,14.266,14.026,14.074
07/21/16 12:00:00 PM,15.366,14.266,14.026,14.074
07/21/16 12:15:00 PM,15.414,14.266,14.026,14.098
07/21/16 12:30:00 PM,15.461,14.266,14.026,14.098
07/21/16 12:45:00 PM,15.533,14.266,14.002,14.098
07/21/16 01:00:00 PM,15.605,14.266,14.002,14.098
07/21/16 01:15:00 PM,15.652,14.29,14.002,14.098
07/21/16 01:30:00 PM,15.724,14.29,14.002,14.098
07/21/16 01:45:00 PM,15.796,14.29,14.002,14.098
07/21/16 02:00:00 PM,15.843,14.314,14.002,14.098
07/21/16 02:15:00 PM,15.891,14.314,14.002,14.098
07/21/16 02:30:00 PM,15.939,14.337,14.002,14.098
07/21/16 02:45:00 PM,15.963,14.337,14.026,14.098
07/21/16 03:00:00 PM,15.986,14.361,14.026,14.098
07/21/16 03:15:00 PM,15.986,14.361,14.026,14.098
07/21/16 03:30:00 PM,16.01,14.385,14.002,14.098
07/21/16 03:45:00 PM,16.01,14.385,14.002,14.098
07/21/16 04:00:00 PM,16.034,14.409,14.002,14.098
07/21/16 04:15:00 PM,16.058,14.433,14.002,14.098
07/21/16 04:30:00 PM,16.058,14.433,14.002,14.098
07/21/16 04:45:00 PM,16.106,14.457,14.026,14.098
07/21/16 05:00:00 PM,16.106,14.457,14.002,14.098
07/21/16 05:15:00 PM,16.129,14.481,14.002,14.098
07/21/16 05:30:00 PM,16.129,14.505,14.026,14.098
07/21/16 05:45:00 PM,16.129,14.505,14.026,14.098
07/21/16 06:00:00 PM,16.129,14.529,14.026,14.098
07/21/16 06:15:00 PM,16.129,14.529,14.026,14.098
07/21/16 06:30:00 PM,16.106,14.553,14.026,14.098
07/21/16 06:45:00 PM,16.082,14.553,14.026,14.098
07/21/16 07:00:00 PM,16.058,14.553,14.026,14.074
07/21/16 07:15:00 PM,16.034,14.577,14.026,14.074
07/21/16 07:30:00 PM,16.01,14.577,14.026,14.074
07/21/16 07:45:00 PM,16.01,14.601,14.026,14.074
07/21/16 08:00:00 PM,15.986,14.601,14.026,14.074
07/21/16 08:15:00 PM,15.963,14.601,14.05,14.098
07/21/16 08:30:00 PM,15.939,14.601,14.05,14.074
07/21/16 08:45:00 PM,15.915,14.625,14.05,14.074
07/21/16 09:00:00 PM,15.867,14.625,14.05,14.074
07/21/16 09:15:00 PM,15.843,14.625,14.05,14.074
07/21/16 09:30:00 PM,15.819,14.625,14.05,14.074
07/21/16 09:45:00 PM,15.772,14.625,14.05,14.074
07/21/16 10:00:00 PM,15.748,14.625,14.074,14.074
07/21/16 10:15:00 PM,15.724,14.625,14.074,14.074
07/21/16 10:30:00 PM,15.7,14.625,14.074,14.074
07/21/16 10:45:00 PM,15.652,14.625,14.074,14.074
07/21/16 11:00:00 PM,15.629,14.625,14.074,14.074
07/21/16 11:15:00 PM,15.581,14.625,14.074,14.074
07/21/16 11:30:00 PM,15.557,14.625,14.074,14.074
07/21/16 11:45:00 PM,15.509,14.601,14.074,14.098
07/22/16 12:00:00 AM,15.485,14.625,14.074,14.098
07/22/16 12:15:00 AM,15.461,14.601,14.074,14.098
07/22/16 12:30:00 AM,15.461,14.601,14.098,14.098
07/22/16 12:45:00 AM,15.414,14.601,14.098,14.098
07/22/16 01:00:00 AM,15.39,14.601,14.098,14.098
07/22/16 01:15:00 AM,15.366,14.577,14.098,14.098
07/22/16 01:30:00 AM,15.342,14.577,14.098,14.098
07/22/16 01:45:00 AM,15.294,14.577,14.098,14.098
07/22/16 02:00:00 AM,15.27,14.553,14.098,14.098
07/22/16 02:15:00 AM,15.247,14.553,14.098,14.098
07/22/16 02:30:00 AM,15.199,14.553,14.098,14.098
07/22/16 02:45:00 AM,15.151,14.529,14.098,14.098
07/22/16 03:00:00 AM,15.127,14.529,14.098,14.098
07/22/16 03:15:00 AM,15.103,14.529,14.098,14.098
07/22/16 03:30:00 AM,15.079,14.505,14.098,14.098
07/22/16 03:45:00 AM,15.055,14.505,14.098,14.098
07/22/16 04:00:00 AM,15.008,14.481,14.098,14.098
07/22/16 04:15:00 AM,14.984,14.481,14.098,14.098
07/22/16 04:30:00 AM,14.936,14.457,14.098,14.098
07/22/16 04:45:00 AM,14.912,14.457,14.098,14.098
07/22/16 05:00:00 AM,14.888,14.457,14.098,14.098
07/22/16 05:15:00 AM,14.864,14.433,14.098,14.098
07/22/16 05:30:00 AM,14.84,14.433,14.098,14.098
07/22/16 05:45:00 AM,14.816,14.409,14.098,14.098
07/22/16 06:00:00 AM,14.792,14.385,14.098,14.098
07/22/16 06:15:00 AM,14.768,14.385,14.098,14.098
07/22/16 06:30:00 AM,14.745,14.361,14.098,14.098
07/22/16 06:45:00 AM,14.745,14.361,14.098,14.098
07/22/16 07:00:00 AM,14.721,14.337,14.098,14.098
07/22/16 07:15:00 AM,14.697,14.337,14.098,14.098
07/22/16 07:30:00 AM,14.697,14.314,14.098,14.098
07/22/16 07:45:00 AM,14.697,14.314,14.074,14.098
07/22/16 08:00:00 AM,14.697,14.29,14.098,14.122
07/22/16 08:15:00 AM,14.697,14.29,14.074,14.122
07/22/16 08:30:00 AM,14.697,14.266,14.074,14.122
07/22/16 08:45:00 AM,14.697,14.242,14.074,14.122
07/22/16 09:00:00 AM,14.721,14.242,14.074,14.122
07/22/16 09:15:00 AM,14.721,14.242,14.074,14.122
07/22/16 09:30:00 AM,14.721,14.218,14.074,14.122
07/22/16 09:45:00 AM,14.745,14.218,14.05,14.122
07/22/16 10:00:00 AM,14.745,14.194,14.074,14.122
07/22/16 10:15:00 AM,14.768,14.194,14.05,14.122
07/22/16 10:30:00 AM,14.792,14.194,14.05,14.122
07/22/16 10:45:00 AM,14.792,14.194,14.05,14.122
07/22/16 11:00:00 AM,14.816,14.17,14.05,14.122
07/22/16 11:15:00 AM,14.816,14.17,14.05,14.122
07/22/16 11:30:00 AM,14.816,14.17,14.05,14.122
07/22/16 11:45:00 AM,14.84,14.17,14.05,14.122
07/22/16 12:00:00 PM,14.864,14.17,14.026,14.122
07/22/16 12:15:00 PM,14.888,14.146,14.026,14.122
07/22/16 12:30:00 PM,14.912,14.146,14.026,14.122
07/22/16 12:45:00 PM,14.936,14.146,14.026,14.122
07/22/16 01:00:00 PM,14.984,14.146,14.026,14.122
07/22/16 01:15:00 PM,15.008,14.146,14.026,14.122
07/22/16 01:30:00 PM,15.055,14.146,14.026,14.122
07/22/16 01:45:00 PM,15.103,14.146,14.026,14.122
07/22/16 02:00:00 PM,15.151,14.146,14.002,14.122
07/22/16 02:15:00 PM,15.199,14.146,14.002,14.122
07/22/16 02:30:00 PM,15.223,14.146,14.002,14.122
07/22/16 02:45:00 PM,15.247,14.17,14.002,14.122
07/22/16 03:00:00 PM,15.294,14.17,14.002,14.122
07/22/16 03:15:00 PM,15.318,14.17,14.002,14.122
07/22/16 03:30:00 PM,15.342,14.17,14.002,14.122
07/22/16 03:45:00 PM,15.342,14.17,14.002,14.122
07/22/16 04:00:00 PM,15.366,14.194,14.002,14.122
07/22/16 04:15:00 PM,15.366,14.194,14.002,14.122
07/22/16 04:30:00 PM,15.39,14.194,13.978,14.122
07/22/16 04:45:00 PM,15.414,14.218,13.978,14.122
07/22/16 05:00:00 PM,15.414,14.218,13.978,14.122
07/22/16 05:15:00 PM,15.438,14.218,13.978,14.122
07/22/16 05:30:00 PM,15.438,14.242,13.978,14.122
07/22/16 05:45:00 PM,15.438,14.242,13.978,14.122
07/22/16 06:00:00 PM,15.438,14.242,13.978,14.122
07/22/16 06:15:00 PM,15.438,14.242,13.978,14.122
07/22/16 06:30:00 PM,15.438,14.266,13.978,14.122
07/22/16 06:45:00 PM,15.438,14.266,13.978,14.122
07/22/16 07:00:00 PM,15.414,14.29,13.978,14.122
07/22/16 07:15:00 PM,15.414,14.29,13.978,14.122
07/22/16 07:30:00 PM,15.414,14.29,13.978,14.122
07/22/16 07:45:00 PM,15.39,14.29,13.978,14.122
07/22/16 08:00:00 PM,15.366,14.314,13.978,14.122
07/22/16 08:15:00 PM,15.366,14.314,13.978,14.122
07/22/16 08:30:00 PM,15.342,14.314,13.978,14.122
07/22/16 08:45:00 PM,15.342,14.314,13.978,14.122
07/22/16 09:00:00 PM,15.294,14.314,13.978,14.122
07/22/16 09:15:00 PM,15.27,14.314,13.978,14.122
07/22/16 09:30:00 PM,15.247,14.314,13.978,14.122
07/22/16 09:45:00 PM,15.247,14.337,13.978,14.122
07/22/16 10:00:00 PM,15.223,14.337,13.978,14.122
07/22/16 10:15:00 PM,15.199,14.337,13.978,14.098
07/22/16 10:30:00 PM,15.175,14.314,13.978,14.098
07/22/16 10:45:00 PM,15.151,14.337,13.978,14.098
07/22/16 11:00:00 PM,15.127,14.337,13.978,14.098
07/22/16 11:15:00 PM,15.103,14.337,13.978,14.098
07/22/16 11:30:00 PM,15.079,14.337,13.978,14.098
07/22/16 11:45:00 PM,15.055,14.314,13.978,14.098
07/23/16 12:00:00 AM,15.031,14.314,13.978,14.098
07/23/16 12:15:00 AM,15.008,14.314,13.978,14.098
07/23/16 12:30:00 AM,14.984,14.314,13.978,14.098
07/23/16 12:45:00 AM,14.96,14.314,13.978,14.098
07/23/16 01:00:00 AM,14.96,14.29,13.978,14.098
07/23/16 01:15:00 AM,14.936,14.29,14.002,14.098
07/23/16 01:30:00 AM,14.912,14.29,14.002,14.122
07/23/16 01:45:00 AM,14.912,14.29,14.002,14.098
07/23/16 02:00:00 AM,14.888,14.266,14.002,14.098
07/23/16 02:15:00 AM,14.864,14.266,14.002,14.098
07/23/16 02:30:00 AM,14.84,14.266,13.978,14.098
07/23/16 02:45:00 AM,14.816,14.242,13.978,14.098
07/23/16 03:00:00 AM,14.816,14.242,13.978,14.098
07/23/16 03:15:00 AM,14.792,14.242,13.978,14.098
07/23/16 03:30:00 AM,14.745,14.242,13.978,14.098
07/23/16 03:45:00 AM,14.721,14.218,13.978,14.098
07/23/16 04:00:00 AM,14.721,14.218,14.002,14.098
07/23/16 04:15:00 AM,14.721,14.218,13.978,14.098
07/23/16 04:30:00 AM,14.697,14.194,13.978,14.098
07/23/16 04:45:00 AM,14.673,14.194,13.978,14.098
07/23/16 05:00:00 AM,14.649,14.194,13.978,14.098
07/23/16 05:15:00 AM,14.625,14.17,13.978,14.098
07/23/16 05:30:00 AM,14.625,14.17,13.978,14.098
07/23/16 05:45:00 AM,14.601,14.17,13.978,14.098
07/23/16 06:00:00 AM,14.577,14.146,13.978,14.098
07/23/16 06:15:00 AM,14.553,14.146,13.978,14.098
07/23/16 06:30:00 AM,14.553,14.146,13.978,14.098
07/23/16 06:45:00 AM,14.553,14.122,13.978,14.098
07/23/16 07:00:00 AM,14.529,14.122,13.978,14.098
07/23/16 07:15:00 AM,14.505,14.122,13.978,14.098
07/23/16 07:30:00 AM,14.505,14.098,13.954,14.098
07/23/16 07:45:00 AM,14.529,14.098,13.954,14.098
07/23/16 08:00:00 AM,14.529,14.074,13.954,14.098
07/23/16 08:15:00 AM,14.529,14.074,13.954,14.098
07/23/16 08:30:00 AM,14.529,14.074,13.954,14.098
07/23/16 08:45:00 AM,14.529,14.074,13.954,14.098
07/23/16 09:00:00 AM,14.529,14.05,13.954,14.098
07/23/16 09:15:00 AM,14.529,14.05,13.954,14.098
07/23/16 09:30:00 AM,14.529,14.05,13.954,14.098
07/23/16 09:45:00 AM,14.553,14.026,13.954,14.098
07/23/16 10:00:00 AM,14.553,14.026,13.954,14.098
07/23/16 10:15:00 AM,14.577,14.026,13.954,14.098
07/23/16 10:30:00 AM,14.601,14.026,13.954,14.098
07/23/16 10:45:00 AM,14.601,14.002,13.93,14.098
07/23/16 11:00:00 AM,14.649,14.002,13.93,14.098
07/23/16 11:15:00 AM,14.673,14.002,13.93,14.098
07/23/16 11:30:00 AM,14.697,14.002,13.93,14.098
07/23/16 11:45:00 AM,14.745,14.002,13.93,14.098
07/23/16 12:00:00 PM,14.792,14.002,13.93,14.098
07/23/16 12:15:00 PM,14.84,14.002,13.93,14.098
07/23/16 12:30:00 PM,14.864,14.002,13.906,14.098
07/23/16 12:45:00 PM,14.912,14.002,13.93,14.098
07/23/16 01:00:00 PM,14.936,14.002,13.906,14.098
07/23/16 01:15:00 PM,14.984,14.002,13.906,14.098
07/23/16 01:30:00 PM,15.055,14.002,13.906,14.098
07/23/16 01:45:00 PM,15.127,14.002,13.906,14.098
07/23/16 02:00:00 PM,15.199,14.026,13.906,14.098
07/23/16 02:15:00 PM,15.247,14.026,13.906,14.098
07/23/16 02:30:00 PM,15.318,14.026,13.906,14.098
07/23/16 02:45:00 PM,15.39,14.026,13.906,14.098
07/23/16 03:00:00 PM,15.438,14.05,13.906,14.098
07/23/16 03:15:00 PM,15.485,14.05,13.906,14.098
07/23/16 03:30:00 PM,15.533,14.074,13.906,14.098
07/23/16 03:45:00 PM,15.557,14.098,13.882,14.098
07/23/16 04:00:00 PM,15.605,14.098,13.906,14.098
07/23/16 04:15:00 PM,15.629,14.122,13.882,14.098
07/23/16 04:30:00 PM,15.652,14.122,13.906,14.098
07/23/16 04:45:00 PM,15.7,14.146,13.906,14.098
07/23/16 05:00:00 PM,15.724,14.17,13.906,14.098
07/23/16 05:15:00 PM,15.748,14.17,13.906,14.098
07/23/16 05:30:00 PM,15.772,14.194,13.882,14.098
07/23/16 05:45:00 PM,15.796,14.218,13.882,14.098
07/23/16 06:00:00 PM,15.819,14.242,13.906,14.098
07/23/16 06:15:00 PM,15.819,14.242,13.906,14.098
07/23/16 06:30:00 PM,15.843,14.266,13.906,14.098
07/23/16 06:45:00 PM,15.843,14.266,13.906,14.098
07/23/16 07:00:00 PM,15.867,14.29,13.906,14.098
07/23/16 07:15:00 PM,15.867,14.314,13.906,14.098
07/23/16 07:30:00 PM,15.843,14.337,13.906,14.098
07/23/16 07:45:00 PM,15.843,14.337,13.906,14.098
07/23/16 08:00:00 PM,15.843,14.361,13.906,14.098
07/23/16 08:15:00 PM,15.819,14.361,13.906,14.098
07/23/16 08:30:00 PM,15.819,14.385,13.906,14.098
07/23/16 08:45:00 PM,15.796,14.385,13.906,14.098
07/23/16 09:00:00 PM,15.772,14.409,13.93,14.074
07/23/16 09:15:00 PM,15.748,14.409,13.93,14.074
07/23/16 09:30:00 PM,15.7,14.433,13.93,14.098
07/23/16 09:45:00 PM,15.676,14.433,13.93,14.098
07/23/16 10:00:00 PM,15.629,14.433,13.93,14.098
07/23/16 10:15:00 PM,15.605,14.433,13.93,14.098
07/23/16 10:30:00 PM,15.557,14.457,13.93,14.098
07/23/16 10:45:00 PM,15.533,14.457,13.954,14.074
07/23/16 11:00:00 PM,15.485,14.457,13.954,14.098
07/23/16 11:15:00 PM,15.461,14.457,13.954,14.074
07/23/16 11:30:00 PM,15.438,14.457,13.954,14.074
07/23/16 11:45:00 PM,15.39,14.457,13.954,14.074
07/24/16 12:00:00 AM,15.366,14.457,13.954,14.074
07/24/16 12:15:00 AM,15.342,14.457,13.954,14.098
07/24/16 12:30:00 AM,15.294,14.457,13.978,14.098
07/24/16 12:45:00 AM,15.247,14.457,13.978,14.098
07/24/16 01:00:00 AM,15.223,14.457,13.978,14.098
07/24/16 01:15:00 AM,15.199,14.457,13.978,14.098
07/24/16 01:30:00 AM,15.151,14.457,13.978,14.074
07/24/16 01:45:00 AM,15.103,14.433,13.978,14.098
07/24/16 02:00:00 AM,15.079,14.433,13.978,14.074
07/24/16 02:15:00 AM,15.031,14.433,13.978,14.098
07/24/16 02:30:00 AM,15.008,14.409,14.002,14.098
07/24/16 02:45:00 AM,14.96,14.409,13.978,14.098
07/24/16 03:00:00 AM,14.912,14.409,14.002,14.098
07/24/16 03:15:00 AM,14.864,14.385,14.002,14.098
07/24/16 03:30:00 AM,14.84,14.385,14.002,14.098
07/24/16 03:45:00 AM,14.792,14.385,14.002,14.098
07/24/16 04:00:00 AM,14.745,14.361,14.002,14.074
07/24/16 04:15:00 AM,14.697,14.361,14.002,14.098
07/24/16 04:30:00 AM,14.649,14.337,14.002,14.098
07/24/16 04:45:00 AM,14.625,14.314,14.002,14.098
07/24/16 05:00:00 AM,14.577,14.314,14.002,14.074
07/24/16 05:15:00 AM,14.529,14.314,14.002,14.098
07/24/16 05:30:00 AM,14.481,14.29,14.002,14.098
07/24/16 05:45:00 AM,14.457,14.266,14.002,14.098
07/24/16 06:00:00 AM,14.409,14.266,14.002,14.074
07/24/16 06:15:00 AM,14.385,14.242,14.002,14.098
07/24/16 06:30:00 AM,14.337,14.242,14.002,14.098
07/24/16 06:45:00 AM,14.314,14.218,14.002,14.098
07/24/16 07:00:00 AM,14.29,14.194,14.002,14.098
07/24/16 07:15:00 AM,14.29,14.194,14.002,14.098
07/24/16 07:30:00 AM,14.266,14.17,14.002,14.098
07/24/16 07:45:00 AM,14.242,14.146,14.002,14.098
07/24/16 08:00:00 AM,14.242,14.122,14.002,14.098
07/24/16 08:15:00 AM,14.242,14.122,14.002,14.098
07/24/16 08:30:00 AM,14.266,14.098,14.002,14.098
07/24/16 08:45:00 AM,14.29,14.074,13.978,14.098
07/24/16 09:00:00 AM,14.29,14.074,14.002,14.098
07/24/16 09:15:00 AM,14.337,14.05,13.978,14.122
07/24/16 09:30:00 AM,14.361,14.05,13.978,14.122
07/24/16 09:45:00 AM,14.409,14.026,13.978,14.098
07/24/16 10:00:00 AM,14.457,14.026,13.978,14.122
07/24/16 10:15:00 AM,14.505,14.026,13.978,14.122
07/24/16 10:30:00 AM,14.577,14.026,13.978,14.122
07/24/16 10:45:00 AM,14.625,14.002,13.954,14.122
07/24/16 11:00:00 AM,14.697,14.002,13.954,14.122
07/24/16 11:15:00 AM,14.768,14.002,13.954,14.122
07/24/16 11:30:00 AM,14.84,14.002,13.954,14.122
07/24/16 11:45:00 AM,14.912,14.002,13.954,14.122
07/24/16 12:00:00 PM,14.96,14.002,13.954,14.122
07/24/16 12:15:00 PM,15.031,14.002,13.954,14.122
07/24/16 12:30:00 PM,15.103,14.002,13.954,14.122
07/24/16 12:45:00 PM,15.175,14.002,13.93,14.122
07/24/16 01:00:00 PM,15.223,14.026,13.93,14.122
07/24/16 01:15:00 PM,15.294,14.026,13.93,14.146
07/24/16 01:30:00 PM,15.366,14.026,13.93,14.122
07/24/16 01:45:00 PM,15.414,14.05,13.93,14.146
07/24/16 02:00:00 PM,15.461,14.05,13.93,14.146
07/24/16 02:15:00 PM,15.533,14.074,13.93,14.146
07/24/16 02:30:00 PM,15.581,14.098,13.906,14.146
07/24/16 02:45:00 PM,15.629,14.098,13.906,14.146
07/24/16 03:00:00 PM,15.652,14.122,13.906,14.122
07/24/16 03:15:00 PM,15.7,14.146,13.906,14.122
07/24/16 03:30:00 PM,15.724,14.146,13.906,14.122
07/24/16 03:45:00 PM,15.748,14.17,13.906,14.146
07/24/16 04:00:00 PM,15.772,14.194,13.906,14.122
07/24/16 04:15:00 PM,15.796,14.218,13.906,14.146
07/24/16 04:30:00 PM,15.843,14.218,13.906,14.146
07/24/16 04:45:00 PM,15.867,14.242,13.906,14.146
07/24/16 05:00:00 PM,15.867,14.266,13.906,14.122
07/24/16 05:15:00 PM,15.915,14.29,13.906,14.146
07/24/16 05:30:00 PM,15.939,14.29,13.906,14.146
07/24/16 05:45:00 PM,15.939,14.314,13.906,14.122
07/24/16 06:00:00 PM,15.963,14.337,13.906,14.122
07/24/16 06:15:00 PM,15.963,14.361,13.906,14.122
07/24/16 06:30:00 PM,15.963,14.361,13.93,14.122
07/24/16 06:45:00 PM,15.963,14.385,13.906,14.122
07/24/16 07:00:00 PM,15.986,14.409,13.93,14.122
07/24/16 07:15:00 PM,15.963,14.409,13.93,14.122
07/24/16 07:30:00 PM,15.963,14.433,13.93,14.122
07/24/16 07:45:00 PM,15.963,14.433,13.93,14.122
07/24/16 08:00:00 PM,15.963,14.457,13.93,14.122
07/24/16 08:15:00 PM,15.915,14.457,13.93,14.122
07/24/16 08:30:00 PM,15.915,14.481,13.93,14.122
07/24/16 08:45:00 PM,15.891,14.505,13.93,14.122
07/24/16 09:00:00 PM,15.867,14.505,13.954,14.122
07/24/16 09:15:00 PM,15.843,14.505,13.954,14.122
07/24/16 09:30:00 PM,15.796,14.529,13.954,14.122
07/24/16 09:45:00 PM,15.748,14.529,13.954,14.122
07/24/16 10:00:00 PM,15.724,14.529,13.954,14.122
07/24/16 10:15:00 PM,15.676,14.553,13.954,14.122
07/24/16 10:30:00 PM,15.629,14.553,13.978,14.122
07/24/16 10:45:00 PM,15.581,14.553,13.978,14.122
07/24/16 11:00:00 PM,15.533,14.553,13.978,14.122
07/24/16 11:15:00 PM,15.485,14.553,13.978,14.122
07/24/16 11:30:00 PM,15.438,14.553,14.002,14.122
07/24/16 11:45:00 PM,15.414,14.553,13.978,14.122
07/25/16 12:00:00 AM,15.366,14.553,14.002,14.122
07/25/16 12:15:00 AM,15.318,14.553,14.002,14.122
07/25/16 12:30:00 AM,15.27,14.553,14.002,14.122
07/25/16 12:45:00 AM,15.223,14.553,14.002,14.122
07/25/16 01:00:00 AM,15.199,14.529,14.002,14.122
07/25/16 01:15:00 AM,15.151,14.529,14.002,14.122
07/25/16 01:30:00 AM,15.103,14.529,14.026,14.122
07/25/16 01:45:00 AM,15.079,14.529,14.026,14.122
07/25/16 02:00:00 AM,15.031,14.505,14.026,14.122
07/25/16 02:15:00 AM,14.984,14.505,14.026,14.122
07/25/16 02:30:00 AM,14.96,14.481,14.026,14.122
07/25/16 02:45:00 AM,14.936,14.481,14.026,14.122
07/25/16 03:00:00 AM,14.912,14.457,14.05,14.122
07/25/16 03:15:00 AM,14.888,14.457,14.05,14.122
07/25/16 03:30:00 AM,14.84,14.457,14.05,14.122
07/25/16 03:45:00 AM,14.792,14.433,14.05,14.122
07/25/16 04:00:00 AM,14.768,14.433,14.05,14.122
07/25/16 04:15:00 AM,14.745,14.409,14.05,14.122
07/25/16 04:30:00 AM,14.721,14.409,14.05,14.122
07/25/16 04:45:00 AM,14.697,14.385,14.05,14.122
07/25/16 05:00:00 AM,14.673,14.385,14.05,14.122
07/25/16 05:15:00 AM,14.649,14.361,14.05,14.122
07/25/16 05:30:00 AM,14.625,14.337,14.05,14.146
07/25/16 05:45:00 AM,14.601,14.337,14.05,14.122
07/25/16 06:00:00 AM,14.553,14.314,14.05,14.122
07/25/16 06:15:00 AM,14.553,14.314,14.05,14.146
07/25/16 06:30:00 AM,14.529,14.314,14.05,14.146
07/25/16 06:45:00 AM,14.529,14.29,14.05,14.146
07/25/16 07:00:00 AM,14.505,14.266,14.05,14.146
07/25/16 07:15:00 AM,14.457,14.266,14.05,14.146
07/25/16 07:30:00 AM,14.457,14.242,14.05,14.146
07/25/16 07:45:00 AM,14.457,14.218,14.05,14.146
07/25/16 08:00:00 AM,14.457,14.218,14.05,14.146
07/25/16 08:15:00 AM,14.457,14.218,14.05,14.146
07/25/16 08:30:00 AM,14.457,14.194,14.026,14.146
07/25/16 08:45:00 AM,14.457,14.194,14.026,14.146
07/25/16 09:00:00 AM,14.457,14.17,14.026,14.146
07/25/16 09:15:00 AM,14.457,14.17,14.026,14.146
07/25/16 09:30:00 AM,14.481,14.17,14.026,14.146
07/25/16 09:45:00 AM,14.481,14.146,14.026,14.146
07/25/16 10:00:00 AM,14.505,14.146,14.026,14.146
07/25/16 10:15:00 AM,14.505,14.122,14.026,14.146
07/25/16 10:30:00 AM,14.505,14.122,14.002,14.146
07/25/16 10:45:00 AM,14.529,14.098,14.026,14.17
07/25/16 11:00:00 AM,14.577,14.098,14.002,14.17
07/25/16 11:15:00 AM,14.601,14.098,14.002,14.17
07/25/16 11:30:00 AM,14.601,14.098,14.002,14.17
07/25/16 11:45:00 AM,14.649,14.098,14.002,14.17
07/25/16 12:00:00 PM,14.697,14.098,14.002,14.17
07/25/16 12:15:00 PM,14.745,14.074,14.002,14.17
07/25/16 12:30:00 PM,14.792,14.074,13.978,14.17
07/25/16 12:45:00 PM,14.864,14.074,13.978,14.17
07/25/16 01:00:00 PM,14.912,14.074,13.978,14.17
07/25/16 01:15:00 PM,14.984,14.074,13.978,14.17
07/25/16 01:30:00 PM,15.031,14.074,13.978,14.17
07/25/16 01:45:00 PM,15.079,14.074,13.978,14.17
07/25/16 02:00:00 PM,15.127,14.098,13.978,14.17
07/25/16 02:15:00 PM,15.175,14.098,13.978,14.17
07/25/16 02:30:00 PM,15.199,14.098,13.954,14.17
07/25/16 02:45:00 PM,15.223,14.098,13.954,14.17
07/25/16 03:00:00 PM,15.247,14.122,13.954,14.17
07/25/16 03:15:00 PM,15.294,14.122,13.954,14.17
07/25/16 03:30:00 PM,15.318,14.122,13.954,14.17
07/25/16 03:45:00 PM,15.366,14.146,13.954,14.17
07/25/16 04:00:00 PM,15.39,14.146,13.954,14.17
07/25/16 04:15:00 PM,15.438,14.17,13.954,14.17
07/25/16 04:30:00 PM,15.485,14.17,13.954,14.17
07/25/16 04:45:00 PM,15.533,14.194,13.954,14.17
07/25/16 05:00:00 PM,15.557,14.194,13.954,14.17
07/25/16 05:15:00 PM,15.605,14.218,13.93,14.17
07/25/16 05:30:00 PM,15.629,14.242,13.954,14.17
07/25/16 05:45:00 PM,15.629,14.242,13.954,14.17
07/25/16 06:00:00 PM,15.652,14.266,13.93,14.17
07/25/16 06:15:00 PM,15.652,14.266,13.954,14.17
07/25/16 06:30:00 PM,15.652,14.29,13.954,14.17
07/25/16 06:45:00 PM,15.676,14.29,13.954,14.17
07/25/16 07:00:00 PM,15.676,14.314,13.954,14.17
07/25/16 07:15:00 PM,15.676,14.337,13.954,14.17
07/25/16 07:30:00 PM,15.676,14.337,13.954,14.17
07/25/16 07:45:00 PM,15.676,14.361,13.954,14.17
07/25/16 08:00:00 PM,15.676,14.361,13.954,14.17
07/25/16 08:15:00 PM,15.652,14.385,13.954,14.146
07/25/16 08:30:00 PM,15.652,14.385,13.954,14.146
07/25/16 08:45:00 PM,15.629,14.385,13.954,14.17
07/25/16 09:00:00 PM,15.629,14.409,13.954,14.146
07/25/16 09:15:00 PM,15.605,14.409,13.954,14.17
07/25/16 09:30:00 PM,15.581,14.433,13.954,14.146
07/25/16 09:45:00 PM,15.533,14.433,13.954,14.146
07/25/16 10:00:00 PM,15.509,14.433,13.978,14.146
07/25/16 10:15:00 PM,15.485,14.457,13.978,14.146
07/25/16 10:30:00 PM,15.461,14.457,13.978,14.146
07/25/16 10:45:00 PM,15.414,14.457,13.978,14.146
07/25/16 11:00:00 PM,15.39,14.457,13.978,14.146
07/25/16 11:15:00 PM,15.342,14.457,13.978,14.146
07/25/16 11:30:00 PM,15.318,14.457,13.978,14.146
07/25/16 11:45:00 PM,15.294,14.457,14.002,14.146
07/26/16 12:00:00 AM,15.27,14.457,14.002,14.146
07/26/16 12:15:00 AM,15.247,14.457,14.002,14.146
07/26/16 12:30:00 AM,15.247,14.457,14.002,14.146
07/26/16 12:45:00 AM,15.199,14.457,14.002,14.146
07/26/16 01:00:00 AM,15.175,14.457,14.002,14.146
07/26/16 01:15:00 AM,15.151,14.457,14.002,14.146
07/26/16 01:30:00 AM,15.127,14.433,14.002,14.146
07/26/16 01:45:00 AM,15.103,14.433,14.026,14.146
07/26/16 02:00:00 AM,15.079,14.433,14.002,14.146
07/26/16 02:15:00 AM,15.031,14.433,14.002,14.146
07/26/16 02:30:00 AM,15.008,14.433,14.026,14.146
07/26/16 02:45:00 AM,14.96,14.433,14.026,14.146
07/26/16 03:00:00 AM,14.936,14.409,14.026,14.146
07/26/16 03:15:00 AM,14.888,14.409,14.026,14.146
07/26/16 03:30:00 AM,14.864,14.409,14.026,14.146
07/26/16 03:45:00 AM,14.816,14.409,14.026,14.146
07/26/16 04:00:00 AM,14.768,14.385,14.026,14.146
07/26/16 04:15:00 AM,14.745,14.385,14.026,14.146
07/26/16 04:30:00 AM,14.697,14.361,14.026,14.146
07/26/16 04:45:00 AM,14.673,14.361,14.026,14.146
07/26/16 05:00:00 AM,14.625,14.361,14.026,14.146
07/26/16 05:15:00 AM,14.577,14.337,14.026,14.146
07/26/16 05:30:00 AM,14.553,14.337,14.026,14.146
07/26/16 05:45:00 AM,14.529,14.314,14.026,14.146
07/26/16 06:00:00 AM,14.505,14.314,14.026,14.146
07/26/16 06:15:00 AM,14.457,14.29,14.026,14.146
07/26/16 06:30:00 AM,14.409,14.29,14.026,14.146
07/26/16 06:45:00 AM,14.409,14.266,14.026,14.146
07/26/16 07:00:00 AM,14.385,14.242,14.026,14.146
07/26/16 07:15:00 AM,14.361,14.242,14.026,14.146
07/26/16 07:30:00 AM,14.337,14.218,14.026,14.146
07/26/16 07:45:00 AM,14.314,14.218,14.026,14.146
07/26/16 08:00:00 AM,14.314,14.194,14.026,14.17
07/26/16 08:15:00 AM,14.314,14.17,14.026,14.17
07/26/16 08:30:00 AM,14.314,14.17,14.026,14.17
07/26/16 08:45:00 AM,14.314,14.146,14.026,14.17
07/26/16 09:00:00 AM,14.337,14.146,14.026,14.17
07/26/16 09:15:00 AM,14.361,14.122,14.026,14.17
07/26/16 09:30:00 AM,14.409,14.122,14.002,14.17
07/26/16 09:45:00 AM,14.433,14.098,14.026,14.17
07/26/16 10:00:00 AM,14.457,14.098,14.002,14.17
07/26/16 10:15:00 AM,14.505,14.098,14.002,14.17
07/26/16 10:30:00 AM,14.553,14.074,14.002,14.17
07/26/16 10:45:00 AM,14.601,14.074,14.002,14.17
07/26/16 11:00:00 AM,14.649,14.074,14.002,14.17
07/26/16 11:15:00 AM,14.697,14.074,14.002,14.17
07/26/16 11:30:00 AM,14.721,14.05,14.002,14.17
07/26/16 11:45:00 AM,14.768,14.05,13.978,14.17
07/26/16 12:00:00 PM,14.816,14.05,13.978,14.17
07/26/16 12:15:00 PM,14.888,14.05,13.978,14.17
07/26/16 12:30:00 PM,14.96,14.074,13.978,14.17
07/26/16 12:45:00 PM,15.008,14.05,13.978,14.194
07/26/16 01:00:00 PM,15.055,14.074,13.978,14.17
07/26/16 01:15:00 PM,15.079,14.074,13.978,14.194
07/26/16 01:30:00 PM,15.103,14.074,13.978,14.17
07/26/16 01:45:00 PM,15.127,14.074,13.954,14.17
07/26/16 02:00:00 PM,15.199,14.098,13.954,14.194
07/26/16 02:15:00 PM,15.247,14.098,13.954,14.194
07/26/16 02:30:00 PM,15.318,14.122,13.954,14.194
07/26/16 02:45:00 PM,15.366,14.122,13.954,14.194
07/26/16 03:00:00 PM,15.39,14.146,13.954,14.194
07/26/16 03:15:00 PM,15.39,14.146,13.954,14.194
07/26/16 03:30:00 PM,15.39,14.17,13.954,14.17
07/26/16 03:45:00 PM,15.39,14.17,13.954,14.17
07/26/16 04:00:00 PM,15.39,14.194,13.954,14.17
07/26/16 04:15:00 PM,15.39,14.194,13.954,14.17
07/26/16 04:30:00 PM,15.39,14.218,13.954,14.17
07/26/16 04:45:00 PM,15.414,14.218,13.954,14.17
07/26/16 05:00:00 PM,15.414,14.242,13.954,14.17
07/26/16 05:15:00 PM,15.414,14.242,13.93,14.17
07/26/16 05:30:00 PM,15.438,14.266,13.954,14.17
07/26/16 05:45:00 PM,15.438,14.266,13.954,14.17
07/26/16 06:00:00 PM,15.461,14.29,13.954,14.17
07/26/16 06:15:00 PM,15.485,14.29,13.954,14.17
07/26/16 06:30:00 PM,15.485,14.29,13.954,14.17
07/26/16 06:45:00 PM,15.461,14.314,13.954,14.17
07/26/16 07:00:00 PM,15.461,14.314,13.954,14.17
07/26/16 07:15:00 PM,15.461,14.314,13.954,14.17
07/26/16 07:30:00 PM,15.461,14.337,13.954,14.17
07/26/16 07:45:00 PM,15.438,14.337,13.954,14.17
07/26/16 08:00:00 PM,15.438,14.337,13.954,14.17
07/26/16 08:15:00 PM,15.414,14.361,13.954,14.17
07/26/16 08:30:00 PM,15.414,14.361,13.954,14.17
07/26/16 08:45:00 PM,15.366,14.361,13.954,14.17
07/26/16 09:00:00 PM,15.342,14.361,13.954,14.17
07/26/16 09:15:00 PM,15.318,14.385,13.978,14.17
07/26/16 09:30:00 PM,15.294,14.385,13.978,14.17
07/26/16 09:45:00 PM,15.247,14.385,13.978,14.17
07/26/16 10:00:00 PM,15.199,14.385,13.978,14.17
07/26/16 10:15:00 PM,15.151,14.385,13.978,14.17
07/26/16 10:30:00 PM,15.127,14.385,13.978,14.17
07/26/16 10:45:00 PM,15.079,14.385,13.978,14.146
07/26/16 11:00:00 PM,15.031,14.385,13.978,14.146
07/26/16 11:15:00 PM,15.008,14.385,13.978,14.146
07/26/16 11:30:00 PM,14.936,14.385,13.978,14.146
07/26/16 11:45:00 PM,14.912,14.385,13.978,14.17
07/27/16 12:00:00 AM,14.864,14.385,13.978,14.146
07/27/16 12:15:00 AM,14.816,14.361,14.002,14.146
07/27/16 12:30:00 AM,14.768,14.361,14.002,14.17
07/27/16 12:45:00 AM,14.745,14.361,13.978,14.146
07/27/16 01:00:00 AM,14.697,14.337,14.002,14.146
07/27/16 01:15:00 AM,14.673,14.337,14.002,14.146
07/27/16 01:30:00 AM,14.625,14.314,14.002,14.146
07/27/16 01:45:00 AM,14.577,14.314,14.002,14.17
07/27/16 02:00:00 AM,14.553,14.314,14.002,14.17
07/27/16 02:15:00 AM,14.505,14.29,14.002,14.146
07/27/16 02:30:00 AM,14.457,14.29,14.002,14.17
07/27/16 02:45:00 AM,14.433,14.266,14.002,14.146
07/27/16 03:00:00 AM,14.385,14.266,14.002,14.146
07/27/16 03:15:00 AM,14.337,14.242,14.002,14.146
07/27/16 03:30:00 AM,14.314,14.218,14.002,14.146
07/27/16 03:45:00 AM,14.266,14.218,14.002,14.146
07/27/16 04:00:00 AM,14.218,14.194,14.002,14.146
07/27/16 04:15:00 AM,14.17,14.194,14.002,14.146
07/27/16 04:30:00 AM,14.146,14.17,14.002,14.146
07/27/16 04:45:00 AM,14.122,14.146,14.002,14.146
07/27/16 05:00:00 AM,14.098,14.146,14.002,14.146
07/27/16 05:15:00 AM,14.05,14.122,14.002,14.146
07/27/16 05:30:00 AM,14.026,14.098,14.002,14.146
07/27/16 05:45:00 AM,14.002,14.098,14.002,14.146
07/27/16 06:00:00 AM,13.978,14.074,13.978,14.146
07/27/16 06:15:00 AM,13.93,14.05,14.002,14.146
07/27/16 06:30:00 AM,13.906,14.05,13.978,14.146
07/27/16 06:45:00 AM,13.882,14.026,13.978,14.17
07/27/16 07:00:00 AM,13.858,14.002,13.978,14.146
07/27/16 07:15:00 AM,13.858,14.002,13.978,14.146
07/27/16 07:30:00 AM,13.834,13.978,13.978,14.146
07/27/16 07:45:00 AM,13.834,13.954,13.978,14.146
07/27/16 08:00:00 AM,13.834,13.954,13.978,14.17
07/27/16 08:15:00 AM,13.858,13.93,13.978,14.146
07/27/16 08:30:00 AM,13.834,13.906,13.954,14.17
07/27/16 08:45:00 AM,13.858,13.906,13.954,14.146
07/27/16 09:00:00 AM,13.858,13.882,13.954,14.17
07/27/16 09:15:00 AM,13.882,13.882,13.954,14.146
07/27/16 09:30:00 AM,13.906,13.858,13.954,14.17
07/27/16 09:45:00 AM,13.93,13.858,13.93,14.17
07/27/16 10:00:00 AM,13.954,13.834,13.93,14.17
07/27/16 10:15:00 AM,14.002,13.834,13.93,14.17
07/27/16 10:30:00 AM,14.026,13.81,13.93,14.17
07/27/16 10:45:00 AM,14.074,13.81,13.93,14.17
07/27/16 11:00:00 AM,14.146,13.81,13.93,14.17
07/27/16 11:15:00 AM,14.194,13.81,13.906,14.17
07/27/16 11:30:00 AM,14.242,13.786,13.906,14.17
07/27/16 11:45:00 AM,14.29,13.786,13.906,14.17
07/27/16 12:00:00 PM,14.337,13.786,13.906,14.17
07/27/16 12:15:00 PM,14.385,13.786,13.906,14.17
07/27/16 12:30:00 PM,14.433,13.786,13.906,14.17
07/27/16 12:45:00 PM,14.457,13.786,13.882,14.17
07/27/16 01:00:00 PM,14.481,13.81,13.882,14.17
07/27/16 01:15:00 PM,14.529,13.81,13.882,14.17
07/27/16 01:30:00 PM,14.553,13.81,13.858,14.17
07/27/16 01:45:00 PM,14.577,13.81,13.858,14.17
07/27/16 02:00:00 PM,14.625,13.81,13.858,14.17
07/27/16 02:15:00 PM,14.697,13.81,13.858,14.17
07/27/16 02:30:00 PM,14.721,13.834,13.858,14.17
07/27/16 02:45:00 PM,14.768,13.834,13.858,14.17
07/27/16 03:00:00 PM,14.816,13.834,13.858,14.17
07/27/16 03:15:00 PM,14.84,13.858,13.834,14.17
07/27/16 03:30:00 PM,14.888,13.858,13.834,14.17
07/27/16 03:45:00 PM,14.936,13.882,13.834,14.17
07/27/16 04:00:00 PM,14.984,13.882,13.834,14.17
07/27/16 04:15:00 PM,15.008,13.906,13.834,14.146
07/27/16 04:30:00 PM,15.055,13.906,13.834,14.146
07/27/16 04:45:00 PM,15.055,13.93,13.81,14.146
07/27/16 05:00:00 PM,15.079,13.93,13.834,14.146
07/27/16 05:15:00 PM,15.103,13.954,13.81,14.146
07/27/16 05:30:00 PM,15.127,13.954,13.81,14.146
07/27/16 05:45:00 PM,15.127,13.978,13.81,14.146
07/27/16 06:00:00 PM,15.151,13.978,13.834,14.146
07/27/16 06:15:00 PM,15.151,14.002,13.81,14.146
07/27/16 06:30:00 PM,15.175,14.002,13.834,14.146
07/27/16 06:45:00 PM,15.175,14.002,13.81,14.146
07/27/16 07:00:00 PM,15.175,14.026,13.81,14.146
07/27/16 07:15:00 PM,15.175,14.05,13.81,14.146
07/27/16 07:30:00 PM,15.175,14.05,13.81,14.146
07/27/16 07:45:00 PM,15.175,14.05,13.81,14.146
07/27/16 08:00:00 PM,15.175,14.074,13.81,14.146
07/27/16 08:15:00 PM,15.151,14.074,13.81,14.122
07/27/16 08:30:00 PM,15.151,14.098,13.81,14.122
07/27/16 08:45:00 PM,15.127,14.098,13.81,14.122
07/27/16 09:00:00 PM,15.103,14.098,13.81,14.122
07/27/16 09:15:00 PM,15.079,14.122,13.81,14.122
07/27/16 09:30:00 PM,15.079,14.122,13.834,14.122
07/27/16 09:45:00 PM,15.055,14.122,13.834,14.122
07/27/16 10:00:00 PM,15.031,14.122,13.834,14.122
07/27/16 10:15:00 PM,15.008,14.146,13.834,14.122
07/27/16 10:30:00 PM,14.96,14.146,13.834,14.122
07/27/16 10:45:00 PM,14.936,14.146,13.834,14.122
07/27/16 11:00:00 PM,14.912,14.146,13.834,14.122
07/27/16 11:15:00 PM,14.864,14.146,13.834,14.122
07/27/16 11:30:00 PM,14.864,14.146,13.834,14.122
07/27/16 11:45:00 PM,14.816,14.146,13.834,14.122
07/28/16 12:00:00 AM,14.792,14.146,13.834,14.122
07/28/16 12:15:00 AM,14.768,14.146,13.858,14.122
07/28/16 12:30:00 AM,14.745,14.146,13.858,14.122
07/28/16 12:45:00 AM,14.697,14.146,13.858,14.122
07/28/16 01:00:00 AM,14.673,14.146,13.858,14.122
07/28/16 01:15:00 AM,14.649,14.146,13.858,14.098
07/28/16 01:30:00 AM,14.625,14.146,13.858,14.098
07/28/16 01:45:00 AM,14.577,14.122,13.858,14.098
07/28/16 02:00:00 AM,14.553,14.122,13.858,14.098
07/28/16 02:15:00 AM,14.529,14.122,13.858,14.098
07/28/16 02:30:00 AM,14.505,14.122,13.858,14.098
07/28/16 02:45:00 AM,14.457,14.098,13.858,14.098
07/28/16 03:00:00 AM,14.433,14.098,13.858,14.098
07/28/16 03:15:00 AM,14.409,14.098,13.858,14.098
07/28/16 03:30:00 AM,14.385,14.074,13.858,14.098
07/28/16 03:45:00 AM,14.361,14.074,13.858,14.098
07/28/16 04:00:00 AM,14.337,14.074,13.882,14.098
07/28/16 04:15:00 AM,14.314,14.05,13.858,14.098
07/28/16 04:30:00 AM,14.29,14.05,13.882,14.098
07/28/16 04:45:00 AM,14.266,14.026,13.882,14.098
07/28/16 05:00:00 AM,14.242,14.026,13.858,14.098
07/28/16 05:15:00 AM,14.218,14.026,13.858,14.098
07/28/16 05:30:00 AM,14.218,14.002,13.858,14.098
07/28/16 05:45:00 AM,14.194,14.002,13.858,14.098
07/28/16 06:00:00 AM,14.17,14.002,13.858,14.098
07/28/16 06:15:00 AM,14.17,13.978,13.858,14.098
07/28/16 06:30:00 AM,14.17,13.978,13.858,14.098
07/28/16 06:45:00 AM,14.146,13.954,13.858,14.122
07/28/16 07:00:00 AM,14.146,13.954,13.882,14.122
07/28/16 07:15:00 AM,14.17,13.954,13.858,14.122
07/28/16 07:30:00 AM,14.17,13.954,13.858,14.122
07/28/16 07:45:00 AM,14.146,13.93,13.858,14.122
07/28/16 08:00:00 AM,14.146,13.93,13.858,14.122
07/28/16 08:15:00 AM,14.17,13.906,13.858,14.122
07/28/16 08:30:00 AM,14.17,13.906,13.858,14.122
07/28/16 08:45:00 AM,14.17,13.906,13.858,14.122
07/28/16 09:00:00 AM,14.194,13.882,13.834,14.122
07/28/16 09:15:00 AM,14.194,13.882,13.858,14.122
07/28/16 09:30:00 AM,14.218,13.882,13.834,14.122
07/28/16 09:45:00 AM,14.242,13.882,13.834,14.122
07/28/16 10:00:00 AM,14.266,13.882,13.834,14.122
07/28/16 10:15:00 AM,14.266,13.858,13.834,14.122
07/28/16 10:30:00 AM,14.29,13.858,13.834,14.122
07/28/16 10:45:00 AM,14.314,13.858,13.834,14.122
07/28/16 11:00:00 AM,14.314,13.858,13.834,14.122
07/28/16 11:15:00 AM,14.337,13.858,13.81,14.122
07/28/16 11:30:00 AM,14.361,13.858,13.81,14.146
07/28/16 11:45:00 AM,14.385,13.858,13.81,14.146
07/28/16 12:00:00 PM,14.433,13.834,13.81,14.122
07/28/16 12:15:00 PM,14.481,13.858,13.81,14.146
07/28/16 12:30:00 PM,14.529,13.858,13.81,14.146
07/28/16 12:45:00 PM,14.553,13.858,13.81,14.146
07/28/16 01:00:00 PM,14.577,13.858,13.81,14.146
07/28/16 01:15:00 PM,14.601,13.858,13.81,14.146
07/28/16 01:30:00 PM,14.625,13.858,13.786,14.122
07/28/16 01:45:00 PM,14.673,13.858,13.81,14.146
07/28/16 02:00:00 PM,14.721,13.882,13.81,14.146
07/28/16 02:15:00 PM,14.792,13.882,13.81,14.146
07/28/16 02:30:00 PM,14.84,13.882,13.786,14.146
07/28/16 02:45:00 PM,14.912,13.906,13.81,14.146
07/28/16 03:00:00 PM,14.96,13.906,13.786,14.146
07/28/16 03:15:00 PM,15.031,13.906,13.786,14.146
07/28/16 03:30:00 PM,15.079,13.906,13.786,14.146
07/28/16 03:45:00 PM,15.127,13.93,13.786,14.146
07/28/16 04:00:00 PM,15.151,13.93,13.786,14.146
07/28/16 04:15:00 PM,15.199,13.954,13.786,14.146
07/28/16 04:30:00 PM,15.223,13.978,13.786,14.122
07/28/16 04:45:00 PM,15.247,13.978,13.786,14.122
07/28/16 05:00:00 PM,15.27,14.002,13.786,14.122
07/28/16 05:15:00 PM,15.294,14.002,13.786,14.122
07/28/16 05:30:00 PM,15.318,14.026,13.786,14.122
07/28/16 05:45:00 PM,15.318,14.05,13.786,14.122
07/28/16 06:00:00 PM,15.342,14.05,13.786,14.122
07/28/16 06:15:00 PM,15.342,14.074,13.786,14.122
07/28/16 06:30:00 PM,15.342,14.074,13.786,14.122
07/28/16 06:45:00 PM,15.342,14.098,13.786,14.122
07/28/16 07:00:00 PM,15.342,14.098,13.786,14.122
07/28/16 07:15:00 PM,15.318,14.122,13.786,14.122
07/28/16 07:30:00 PM,15.318,14.146,13.786,14.122
07/28/16 07:45:00 PM,15.342,14.146,13.786,14.122
07/28/16 08:00:00 PM,15.342,14.17,13.786,14.098
07/28/16 08:15:00 PM,15.318,14.17,13.786,14.098
07/28/16 08:30:00 PM,15.318,14.17,13.81,14.122
07/28/16 08:45:00 PM,15.294,14.194,13.81,14.098
07/28/16 09:00:00 PM,15.27,14.194,13.81,14.098
07/28/16 09:15:00 PM,15.247,14.218,13.81,14.098
07/28/16 09:30:00 PM,15.223,14.218,13.81,14.098
07/28/16 09:45:00 PM,15.199,14.218,13.81,14.098
07/28/16 10:00:00 PM,15.175,14.218,13.81,14.098
07/28/16 10:15:00 PM,15.151,14.242,13.81,14.098
07/28/16 10:30:00 PM,15.127,14.242,13.81,14.098
07/28/16 10:45:00 PM,15.103,14.242,13.834,14.098
07/28/16 11:00:00 PM,15.055,14.242,13.834,14.098
07/28/16 11:15:00 PM,15.031,14.242,13.834,14.098
07/28/16 11:30:00 PM,15.008,14.242,13.834,14.098
07/28/16 11:45:00 PM,14.96,14.242,13.834,14.098
07/29/16 12:00:00 AM,14.936,14.242,13.834,14.098
07/29/16 12:15:00 AM,14.912,14.242,13.834,14.098
07/29/16 12:30:00 AM,14.888,14.242,13.834,14.098
07/29/16 12:45:00 AM,14.864,14.242,13.858,14.098
07/29/16 01:00:00 AM,14.84,14.242,13.858,14.098
07/29/16 01:15:00 AM,14.816,14.242,13.858,14.098
07/29/16 01:30:00 AM,14.792,14.242,13.858,14.098
07/29/16 01:45:00 AM,14.768,14.218,13.858,14.098
07/29/16 02:00:00 AM,14.745,14.218,13.858,14.098
07/29/16 02:15:00 AM,14.721,14.218,13.858,14.098
07/29/16 02:30:00 AM,14.697,14.218,13.882,14.098
07/29/16 02:45:00 AM,14.673,14.194,13.882,14.098
07/29/16 03:00:00 AM,14.649,14.194,13.882,14.098
07/29/16 03:15:00 AM,14.625,14.194,13.882,14.098
07/29/16 03:30:00 AM,14.601,14.194,13.882,14.098
07/29/16 03:45:00 AM,14.577,14.17,13.882,14.098
07/29/16 04:00:00 AM,14.577,14.17,13.882,14.098
07/29/16 04:15:00 AM,14.553,14.17,13.882,14.098
07/29/16 04:30:00 AM,14.529,14.146,13.882,14.098
07/29/16 04:45:00 AM,14.505,14.146,13.882,14.098
07/29/16 05:00:00 AM,14.481,14.146,13.882,14.098
07/29/16 05:15:00 AM,14.457,14.122,13.882,14.098
07/29/16 05:30:00 AM,14.457,14.122,13.882,14.098
07/29/16 05:45:00 AM,14.433,14.122,13.882,14.098
07/29/16 06:00:00 AM,14.409,14.098,13.882,14.098
07/29/16 06:15:00 AM,14.385,14.098,13.882,14.098
07/29/16 06:30:00 AM,14.385,14.098,13.882,14.098
07/29/16 06:45:00 AM,14.385,14.074,13.882,14.098
07/29/16 07:00:00 AM,14.361,14.074,13.882,14.122
07/29/16 07:15:00 AM,14.361,14.074,13.882,14.122
07/29/16 07:30:00 AM,14.361,14.05,13.882,14.098
07/29/16 07:45:00 AM,14.361,14.05,13.882,14.122
07/29/16 08:00:00 AM,14.361,14.026,13.882,14.122
07/29/16 08:15:00 AM,14.361,14.026,13.882,14.122
07/29/16 08:30:00 AM,14.385,14.026,13.882,14.122
07/29/16 08:45:00 AM,14.385,14.002,13.882,14.122
07/29/16 09:00:00 AM,14.409,14.002,13.858,14.122
07/29/16 09:15:00 AM,14.433,14.002,13.858,14.122
07/29/16 09:30:00 AM,14.457,14.002,13.858,14.122
07/29/16 09:45:00 AM,14.481,13.978,13.858,14.122
07/29/16 10:00:00 AM,14.505,13.978,13.858,14.122
07/29/16 10:15:00 AM,14.529,13.978,13.858,14.122
07/29/16 10:30:00 AM,14.553,13.978,13.858,14.122
07/29/16 10:45:00 AM,14.601,13.978,13.858,14.122
07/29/16 11:00:00 AM,14.625,13.978,13.858,14.122
07/29/16 11:15:00 AM,14.673,13.978,13.858,14.122
07/29/16 11:30:00 AM,14.697,13.978,13.858,14.122
07/29/16 11:45:00 AM,14.721,13.978,13.858,14.122
07/29/16 12:00:00 PM,14.768,13.978,13.858,14.122
07/29/16 12:15:00 PM,14.792,13.978,13.858,14.122
07/29/16 12:30:00 PM,14.84,13.978,13.858,14.122
07/29/16 12:45:00 PM,14.864,14.002,13.834,14.122
07/29/16 01:00:00 PM,14.912,14.002,13.858,14.122
07/29/16 01:15:00 PM,14.984,14.002,13.834,14.122
07/29/16 01:30:00 PM,15.031,14.002,13.834,14.146
07/29/16 01:45:00 PM,15.103,14.002,13.834,14.146
07/29/16 02:00:00 PM,15.175,14.026,13.834,14.122
07/29/16 02:15:00 PM,15.223,14.026,13.834,14.122
07/29/16 02:30:00 PM,15.27,14.026,13.834,14.146
07/29/16 02:45:00 PM,15.294,14.05,13.834,14.122
07/29/16 03:00:00 PM,15.342,14.05,13.834,14.146
07/29/16 03:15:00 PM,15.414,14.074,13.834,14.122
07/29/16 03:30:00 PM,15.461,14.098,13.834,14.146
07/29/16 03:45:00 PM,15.509,14.098,13.834,14.146
07/29/16 04:00:00 PM,15.557,14.122,13.834,14.146
07/29/16 04:15:00 PM,15.629,14.146,13.834,14.146
07/29/16 04:30:00 PM,15.676,14.146,13.834,14.146
07/29/16 04:45:00 PM,15.7,14.17,13.834,14.146
07/29/16 05:00:00 PM,15.748,14.194,13.834,14.146
07/29/16 05:15:00 PM,15.772,14.194,13.834,14.146
07/29/16 05:30:00 PM,15.796,14.218,13.834,14.146
07/29/16 05:45:00 PM,15.819,14.242,13.858,14.146
07/29/16 06:00:00 PM,15.843,14.266,13.858,14.146
07/29/16 06:15:00 PM,15.843,14.29,13.858,14.146
07/29/16 06:30:00 PM,15.843,14.314,13.858,14.146
07/29/16 06:45:00 PM,15.843,14.314,13.858,14.122
07/29/16 07:00:00 PM,15.843,14.337,13.858,14.146
07/29/16 07:15:00 PM,15.819,14.361,13.858,14.122
07/29/16 07:30:00 PM,15.796,14.385,13.858,14.122
07/29/16 07:45:00 PM,15.772,14.385,13.858,14.122
07/29/16 08:00:00 PM,15.748,14.409,13.882,14.122
07/29/16 08:15:00 PM,15.724,14.409,13.882,14.122
07/29/16 08:30:00 PM,15.7,14.433,13.882,14.122
07/29/16 08:45:00 PM,15.676,14.433,13.882,14.122
07/29/16 09:00:00 PM,15.652,14.457,13.882,14.122
07/29/16 09:15:00 PM,15.629,14.457,13.906,14.122
07/29/16 09:30:00 PM,15.581,14.457,13.906,14.122
07/29/16 09:45:00 PM,15.533,14.481,13.906,14.122
07/29/16 10:00:00 PM,15.485,14.481,13.906,14.122
07/29/16 10:15:00 PM,15.461,14.481,13.906,14.122
07/29/16 10:30:00 PM,15.39,14.481,13.906,14.122
07/29/16 10:45:00 PM,15.366,14.505,13.93,14.122
07/29/16 11:00:00 PM,15.318,14.505,13.93,14.122
07/29/16 11:15:00 PM,15.27,14.505,13.93,14.122
07/29/16 11:30:00 PM,15.223,14.505,13.93,14.122
07/29/16 11:45:00 PM,15.199,14.481,13.954,14.122
07/30/16 12:00:00 AM,15.151,14.481,13.954,14.122
07/30/16 12:15:00 AM,15.103,14.481,13.954,14.122
07/30/16 12:30:00 AM,15.079,14.481,13.954,14.122
07/30/16 12:45:00 AM,15.055,14.481,13.954,14.122
07/30/16 01:00:00 AM,15.008,14.481,13.954,14.122
07/30/16 01:15:00 AM,14.984,14.457,13.978,14.122
07/30/16 01:30:00 AM,14.96,14.457,13.978,14.122
07/30/16 01:45:00 AM,14.912,14.457,13.978,14.122
07/30/16 02:00:00 AM,14.864,14.433,13.978,14.122
07/30/16 02:15:00 AM,14.84,14.433,13.978,14.122
07/30/16 02:30:00 AM,14.816,14.433,13.978,14.122
07/30/16 02:45:00 AM,14.768,14.409,13.978,14.122
07/30/16 03:00:00 AM,14.745,14.409,13.978,14.122
07/30/16 03:15:00 AM,14.721,14.385,13.978,14.122
07/30/16 03:30:00 AM,14.673,14.385,14.002,14.122
07/30/16 03:45:00 AM,14.625,14.385,14.002,14.122
07/30/16 04:00:00 AM,14.601,14.361,14.002,14.122
07/30/16 04:15:00 AM,14.577,14.337,14.002,14.122
07/30/16 04:30:00 AM,14.529,14.337,14.002,14.146
07/30/16 04:45:00 AM,14.505,14.337,14.002,14.122
07/30/16 05:00:00 AM,14.481,14.314,14.002,14.122
07/30/16 05:15:00 AM,14.433,14.29,14.002,14.146
07/30/16 05:30:00 AM,14.409,14.29,14.002,14.146
07/30/16 05:45:00 AM,14.361,14.266,14.002,14.122
07/30/16 06:00:00 AM,14.337,14.266,14.002,14.122
07/30/16 06:15:00 AM,14.29,14.242,14.002,14.146
07/30/16 06:30:00 AM,14.266,14.218,14.002,14.122
07/30/16 06:45:00 AM,14.242,14.218,14.002,14.146
07/30/16 07:00:00 AM,14.194,14.194,14.002,14.146
07/30/16 07:15:00 AM,14.194,14.194,14.002,14.146
07/30/16 07:30:00 AM,14.17,14.17,14.002,14.146
07/30/16 07:45:00 AM,14.146,14.146,14.002,14.146
07/30/16 08:00:00 AM,14.146,14.146,14.002,14.146
07/30/16 08:15:00 AM,14.146,14.122,14.002,14.146
07/30/16 08:30:00 AM,14.146,14.122,14.002,14.146
07/30/16 08:45:00 AM,14.146,14.098,13.978,14.146
07/30/16 09:00:00 AM,14.146,14.098,14.002,14.146
07/30/16 09:15:00 AM,14.17,14.074,13.978,14.146
07/30/16 09:30:00 AM,14.218,14.05,13.978,14.17
07/30/16 09:45:00 AM,14.242,14.05,13.978,14.146
07/30/16 10:00:00 AM,14.29,14.026,13.978,14.17
07/30/16 10:15:00 AM,14.337,14.026,13.978,14.17
07/30/16 10:30:00 AM,14.361,14.026,13.978,14.17
07/30/16 10:45:00 AM,14.409,14.002,13.978,14.17
07/30/16 11:00:00 AM,14.457,14.002,13.954,14.17
07/30/16 11:15:00 AM,14.505,14.002,13.954,14.17
07/30/16 11:30:00 AM,14.529,14.002,13.954,14.17
07/30/16 11:45:00 AM,14.577,14.002,13.954,14.17
07/30/16 12:00:00 PM,14.625,14.002,13.954,14.17
07/30/16 12:15:00 PM,14.697,14.002,13.954,14.17
07/30/16 12:30:00 PM,14.721,14.002,13.954,14.17
07/30/16 12:45:00 PM,14.768,14.002,13.93,14.17
07/30/16 01:00:00 PM,14.816,14.002,13.93,14.17
07/30/16 01:15:00 PM,14.864,14.002,13.93,14.17
07/30/16 01:30:00 PM,14.912,14.002,13.93,14.17
07/30/16 01:45:00 PM,14.96,14.026,13.93,14.17
07/30/16 02:00:00 PM,15.031,14.026,13.93,14.17
07/30/16 02:15:00 PM,15.103,14.026,13.93,14.194
07/30/16 02:30:00 PM,15.175,14.05,13.93,14.194
07/30/16 02:45:00 PM,15.223,14.05,13.906,14.17
07/30/16 03:00:00 PM,15.27,14.074,13.906,14.194
07/30/16 03:15:00 PM,15.318,14.074,13.906,14.194
07/30/16 03:30:00 PM,15.366,14.098,13.906,14.17
07/30/16 03:45:00 PM,15.39,14.098,13.906,14.194
07/30/16 04:00:00 PM,15.39,14.122,13.906,14.17
07/30/16 04:15:00 PM,15.39,14.146,13.906,14.17
07/30/16 04:30:00 PM,15.414,14.146,13.906,14.17
07/30/16 04:45:00 PM,15.414,14.17,13.906,14.17
07/30/16 05:00:00 PM,15.414,14.194,13.906,14.17
07/30/16 05:15:00 PM,15.414,14.194,13.906,14.17
07/30/16 05:30:00 PM,15.414,14.194,13.906,14.17
07/30/16 05:45:00 PM,15.414,14.218,13.906,14.17
07/30/16 06:00:00 PM,15.414,14.242,13.906,14.17
07/30/16 06:15:00 PM,15.414,14.242,13.906,14.17
07/30/16 06:30:00 PM,15.414,14.266,13.906,14.17
07/30/16 06:45:00 PM,15.414,14.29,13.906,14.17
07/30/16 07:00:00 PM,15.39,14.29,13.906,14.17
07/30/16 07:15:00 PM,15.39,14.29,13.906,14.17
07/30/16 07:30:00 PM,15.39,14.314,13.906,14.17
07/30/16 07:45:00 PM,15.366,14.314,13.906,14.17
07/30/16 08:00:00 PM,15.342,14.314,13.906,14.17
07/30/16 08:15:00 PM,15.318,14.337,13.93,14.17
07/30/16 08:30:00 PM,15.294,14.337,13.93,14.17
07/30/16 08:45:00 PM,15.27,14.337,13.93,14.17
07/30/16 09:00:00 PM,15.247,14.337,13.93,14.146
07/30/16 09:15:00 PM,15.199,14.361,13.93,14.146
07/30/16 09:30:00 PM,15.175,14.361,13.93,14.17
07/30/16 09:45:00 PM,15.127,14.361,13.93,14.146
07/30/16 10:00:00 PM,15.103,14.361,13.93,14.146
07/30/16 10:15:00 PM,15.079,14.361,13.93,14.146
07/30/16 10:30:00 PM,15.031,14.361,13.93,14.146
07/30/16 10:45:00 PM,14.984,14.361,13.954,14.146
07/30/16 11:00:00 PM,14.96,14.361,13.954,14.146
07/30/16 11:15:00 PM,14.912,14.361,13.954,14.146
07/30/16 11:30:00 PM,14.888,14.361,13.954,14.146
07/30/16 11:45:00 PM,14.84,14.361,13.954,14.146
07/31/16 12:00:00 AM,14.816,14.337,13.954,14.146
07/31/16 12:15:00 AM,14.792,14.337,13.954,14.146
07/31/16 12:30:00 AM,14.745,14.337,13.954,14.146
07/31/16 12:45:00 AM,14.697,14.337,13.978,14.146
07/31/16 01:00:00 AM,14.673,14.314,13.978,14.146
07/31/16 01:15:00 AM,14.625,14.314,13.954,14.146
07/31/16 01:30:00 AM,14.577,14.314,13.978,14.146
07/31/16 01:45:00 AM,14.553,14.29,13.978,14.146
07/31/16 02:00:00 AM,14.505,14.29,13.978,14.146
07/31/16 02:15:00 AM,14.457,14.266,13.978,14.146
07/31/16 02:30:00 AM,14.409,14.266,13.978,14.146
07/31/16 02:45:00 AM,14.385,14.242,13.978,14.146
07/31/16 03:00:00 AM,14.361,14.242,13.978,14.146
07/31/16 03:15:00 AM,14.314,14.218,13.978,14.146
07/31/16 03:30:00 AM,14.266,14.194,13.978,14.146
07/31/16 03:45:00 AM,14.266,14.194,13.978,14.146
07/31/16 04:00:00 AM,14.218,14.194,13.978,14.146
07/31/16 04:15:00 AM,14.194,14.17,13.978,14.146
07/31/16 04:30:00 AM,14.146,14.146,13.978,14.146
07/31/16 04:45:00 AM,14.146,14.146,13.978,14.146
07/31/16 05:00:00 AM,14.122,14.122,13.978,14.146
07/31/16 05:15:00 AM,14.098,14.098,13.978,14.146
07/31/16 05:30:00 AM,14.074,14.098,13.978,14.146
07/31/16 05:45:00 AM,14.05,14.074,13.978,14.146
07/31/16 06:00:00 AM,14.026,14.074,13.978,14.146
07/31/16 06:15:00 AM,14.002,14.05,13.978,14.146
07/31/16 06:30:00 AM,13.978,14.05,13.954,14.146
07/31/16 06:45:00 AM,13.978,14.026,13.954,14.146
07/31/16 07:00:00 AM,13.978,14.002,13.954,14.146
07/31/16 07:15:00 AM,13.954,14.002,13.954,14.146
07/31/16 07:30:00 AM,13.93,13.978,13.954,14.146
07/31/16 07:45:00 AM,13.93,13.978,13.954,14.146
07/31/16 08:00:00 AM,13.93,13.954,13.954,14.17
07/31/16 08:15:00 AM,13.93,13.93,13.954,14.146
07/31/16 08:30:00 AM,13.93,13.93,13.954,14.146
07/31/16 08:45:00 AM,13.954,13.93,13.93,14.17
07/31/16 09:00:00 AM,13.978,13.906,13.93,14.17
07/31/16 09:15:00 AM,13.978,13.906,13.93,14.17
07/31/16 09:30:00 AM,14.026,13.882,13.93,14.146
07/31/16 09:45:00 AM,14.05,13.882,13.93,14.17
07/31/16 10:00:00 AM,14.074,13.858,13.93,14.17
07/31/16 10:15:00 AM,14.098,13.858,13.906,14.17
07/31/16 10:30:00 AM,14.122,13.858,13.906,14.17
07/31/16 10:45:00 AM,14.17,13.858,13.906,14.17
07/31/16 11:00:00 AM,14.242,13.834,13.906,14.17
07/31/16 11:15:00 AM,14.29,13.834,13.906,14.17
07/31/16 11:30:00 AM,14.337,13.834,13.906,14.17
07/31/16 11:45:00 AM,14.385,13.834,13.906,14.17
07/31/16 12:00:00 PM,14.433,13.834,13.906,14.17
07/31/16 12:15:00 PM,14.481,13.834,13.882,14.17
07/31/16 12:30:00 PM,14.529,13.834,13.882,14.17
07/31/16 12:45:00 PM,14.577,13.834,13.882,14.17
07/31/16 01:00:00 PM,14.601,13.858,13.882,14.17
07/31/16 01:15:00 PM,14.625,13.858,13.882,14.17
07/31/16 01:30:00 PM,14.697,13.858,13.858,14.17
07/31/16 01:45:00 PM,14.745,13.882,13.858,14.17
07/31/16 02:00:00 PM,14.792,13.882,13.858,14.17
07/31/16 02:15:00 PM,14.864,13.882,13.858,14.17
07/31/16 02:30:00 PM,14.888,13.906,13.858,14.17
07/31/16 02:45:00 PM,14.912,13.906,13.858,14.17
07/31/16 03:00:00 PM,14.96,13.906,13.858,14.17
07/31/16 03:15:00 PM,14.984,13.93,13.858,14.17
07/31/16 03:30:00 PM,15.008,13.93,13.834,14.17
07/31/16 03:45:00 PM,15.055,13.954,13.834,14.17
07/31/16 04:00:00 PM,15.079,13.954,13.834,14.17
07/31/16 04:15:00 PM,15.127,13.978,13.834,14.17
07/31/16 04:30:00 PM,15.127,14.002,13.834,14.17
07/31/16 04:45:00 PM,15.151,14.002,13.834,14.17
07/31/16 05:00:00 PM,15.151,14.026,13.834,14.17
07/31/16 05:15:00 PM,15.151,14.026,13.834,14.17
07/31/16 05:30:00 PM,15.151,14.05,13.834,14.146
07/31/16 05:45:00 PM,15.151,14.05,13.834,14.146
07/31/16 06:00:00 PM,15.175,14.074,13.834,14.146
07/31/16 06:15:00 PM,15.151,14.074,13.834,14.146
07/31/16 06:30:00 PM,15.175,14.098,13.834,14.146
07/31/16 06:45:00 PM,15.175,14.122,13.834,14.146
07/31/16 07:00:00 PM,15.151,14.122,13.834,14.146
07/31/16 07:15:00 PM,15.151,14.122,13.834,14.146
07/31/16 07:30:00 PM,15.151,14.146,13.834,14.146
07/31/16 07:45:00 PM,15.151,14.146,13.834,14.146
07/31/16 08:00:00 PM,15.127,14.146,13.858,14.146
07/31/16 08:15:00 PM,15.103,14.17,13.858,14.146
07/31/16 08:30:00 PM,15.079,14.17,13.858,14.146
07/31/16 08:45:00 PM,15.031,14.17,13.858,14.146
07/31/16 09:00:00 PM,15.008,14.194,13.858,14.146
07/31/16 09:15:00 PM,14.984,14.194,13.858,14.122
07/31/16 09:30:00 PM,14.936,14.194,13.858,14.122
07/31/16 09:45:00 PM,14.888,14.194,13.858,14.122
07/31/16 10:00:00 PM,14.864,14.194,13.858,14.122
07/31/16 10:15:00 PM,14.816,14.194,13.858,14.122
07/31/16 10:30:00 PM,14.768,14.194,13.882,14.122
07/31/16 10:45:00 PM,14.721,14.194,13.882,14.122
07/31/16 11:00:00 PM,14.673,14.194,13.858,14.122
07/31/16 11:15:00 PM,14.625,14.194,13.882,14.122
07/31/16 11:30:00 PM,14.601,14.194,13.882,14.122
07/31/16 11:45:00 PM,14.553,14.194,13.882,14.122
08/01/16 12:00:00 AM,14.505,14.194,13.882,14.122
08/01/16 12:15:00 AM,14.457,14.17,13.882,14.122
08/01/16 12:30:00 AM,14.409,14.17,13.882,14.122
08/01/16 12:45:00 AM,14.361,14.146,13.882,14.122
08/01/16 01:00:00 AM,14.337,14.146,13.882,14.122
08/01/16 01:15:00 AM,14.29,14.146,13.882,14.122
08/01/16 01:30:00 AM,14.242,14.122,13.906,14.122
08/01/16 01:45:00 AM,14.218,14.098,13.882,14.122
08/01/16 02:00:00 AM,14.194,14.098,13.906,14.122
08/01/16 02:15:00 AM,14.146,14.098,13.906,14.122
08/01/16 02:30:00 AM,14.122,14.074,13.906,14.122
08/01/16 02:45:00 AM,14.074,14.05,13.906,14.122
08/01/16 03:00:00 AM,14.026,14.05,13.906,14.122
08/01/16 03:15:00 AM,14.002,14.026,13.906,14.122
08/01/16 03:30:00 AM,13.954,14.026,13.882,14.122
08/01/16 03:45:00 AM,13.93,14.002,13.882,14.122
08/01/16 04:00:00 AM,13.906,14.002,13.882,14.122
08/01/16 04:15:00 AM,13.858,13.978,13.882,14.122
08/01/16 04:30:00 AM,13.834,13.954,13.882,14.122
08/01/16 04:45:00 AM,13.786,13.954,13.882,14.122
08/01/16 05:00:00 AM,13.762,13.93,13.882,14.122
08/01/16 05:15:00 AM,13.738,13.906,13.882,14.098
08/01/16 05:30:00 AM,13.69,13.906,13.882,14.122
08/01/16 05:45:00 AM,13.642,13.882,13.882,14.122
08/01/16 06:00:00 AM,13.618,13.882,13.882,14.122
08/01/16 06:15:00 AM,13.57,13.858,13.882,14.122
08/01/16 06:30:00 AM,13.546,13.834,13.858,14.098
08/01/16 06:45:00 AM,13.522,13.81,13.858,14.098
08/01/16 07:00:00 AM,13.473,13.786,13.858,14.122
08/01/16 07:15:00 AM,13.473,13.786,13.858,14.098
08/01/16 07:30:00 AM,13.449,13.762,13.858,14.122
08/01/16 07:45:00 AM,13.449,13.738,13.858,14.098
08/01/16 08:00:00 AM,13.425,13.714,13.858,14.098
08/01/16 08:15:00 AM,13.425,13.714,13.858,14.122
08/01/16 08:30:00 AM,13.449,13.69,13.834,14.122
08/01/16 08:45:00 AM,13.449,13.666,13.834,14.122
08/01/16 09:00:00 AM,13.473,13.666,13.834,14.122
08/01/16 09:15:00 AM,13.497,13.642,13.834,14.122
08/01/16 09:30:00 AM,13.522,13.618,13.834,14.122
08/01/16 09:45:00 AM,13.57,13.618,13.81,14.122
08/01/16 10:00:00 AM,13.618,13.618,13.81,14.122
08/01/16 10:15:00 AM,13.666,13.594,13.81,14.122
08/01/16 10:30:00 AM,13.714,13.594,13.81,14.122
08/01/16 10:45:00 AM,13.786,13.57,13.81,14.122
08/01/16 11:00:00 AM,13.858,13.57,13.786,14.122
08/01/16 11:15:00 AM,13.906,13.57,13.786,14.122
08/01/16 11:30:00 AM,13.978,13.57,13.786,14.122
08/01/16 11:45:00 AM,14.05,13.57,13.786,14.122
08/01/16 12:00:00 PM,14.146,13.57,13.762,14.122
08/01/16 12:15:00 PM,14.218,13.57,13.786,14.122
08/01/16 12:30:00 PM,14.314,13.57,13.762,14.122
08/01/16 12:45:00 PM,14.409,13.57,13.762,14.122
08/01/16 01:00:00 PM,14.481,13.594,13.762,14.122
08/01/16 01:15:00 PM,14.553,13.594,13.738,14.122
08/01/16 01:30:00 PM,14.625,13.618,13.738,14.122
08/01/16 01:45:00 PM,14.697,13.618,13.738,14.122
08/01/16 02:00:00 PM,14.721,13.642,13.738,14.122
08/01/16 02:15:00 PM,14.792,13.666,13.738,14.122
08/01/16 02:30:00 PM,14.84,13.666,13.738,14.122
08/01/16 02:45:00 PM,14.888,13.69,13.714,14.122
08/01/16 03:00:00 PM,14.936,13.714,13.714,14.122
08/01/16 03:15:00 PM,14.984,13.738,13.714,14.122
08/01/16 03:30:00 PM,15.031,13.738,13.714,14.122
08/01/16 03:45:00 PM,15.055,13.762,13.714,14.122
08/01/16 04:00:00 PM,15.079,13.786,13.714,14.122
08/01/16 04:15:00 PM,15.127,13.81,13.714,14.098
08/01/16 04:30:00 PM,15.151,13.834,13.714,14.122
08/01/16 04:45:00 PM,15.151,13.858,13.714,14.098
08/01/16 05:00:00 PM,15.175,13.882,13.714,14.098
08/01/16 05:15:00 PM,15.175,13.906,13.714,14.098
08/01/16 05:30:00 PM,15.175,13.906,13.714,14.098
08/01/16 05:45:00 PM,15.175,13.93,13.714,14.098
08/01/16 06:00:00 PM,15.175,13.954,13.714,14.098
08/01/16 06:15:00 PM,15.175,13.954,13.714,14.098
08/01/16 06:30:00 PM,15.175,13.978,13.714,14.098
08/01/16 06:45:00 PM,15.175,14.002,13.714,14.098
08/01/16 07:00:00 PM,15.175,14.002,13.714,14.098
08/01/16 07:15:00 PM,15.175,14.026,13.714,14.098
08/01/16 07:30:00 PM,15.175,14.05,13.714,14.098
08/01/16 07:45:00 PM,15.151,14.05,13.738,14.074
08/01/16 08:00:00 PM,15.151,14.05,13.738,14.074
08/01/16 08:15:00 PM,15.127,14.074,13.738,14.074
08/01/16 08:30:00 PM,15.103,14.074,13.738,14.074
08/01/16 08:45:00 PM,15.079,14.098,13.738,14.074
08/01/16 09:00:00 PM,15.055,14.098,13.738,14.074
08/01/16 09:15:00 PM,15.031,14.098,13.738,14.074
08/01/16 09:30:00 PM,15.008,14.122,13.762,14.074
08/01/16 09:45:00 PM,14.96,14.122,13.762,14.074
08/01/16 10:00:00 PM,14.936,14.122,13.762,14.074
08/01/16 10:15:00 PM,14.912,14.122,13.762,14.074
08/01/16 10:30:00 PM,14.864,14.146,13.762,14.074
08/01/16 10:45:00 PM,14.84,14.146,13.762,14.074
08/01/16 11:00:00 PM,14.816,14.122,13.786,14.074
08/01/16 11:15:00 PM,14.792,14.146,13.786,14.074
08/01/16 11:30:00 PM,14.745,14.146,13.786,14.074
08/01/16 11:45:00 PM,14.721,14.146,13.786,14.074
08/02/16 12:00:00 AM,14.673,14.146,13.786,14.074
08/02/16 12:15:00 AM,14.649,14.122,13.786,14.074
08/02/16 12:30:00 AM,14.625,14.122,13.81,14.074
08/02/16 12:45:00 AM,14.601,14.122,13.81,14.074
08/02/16 01:00:00 AM,14.553,14.122,13.81,14.05
08/02/16 01:15:00 AM,14.529,14.122,13.81,14.074
08/02/16 01:30:00 AM,14.505,14.098,13.81,14.074
08/02/16 01:45:00 AM,14.481,14.098,13.81,14.074
08/02/16 02:00:00 AM,14.433,14.098,13.81,14.074
08/02/16 02:15:00 AM,14.409,14.074,13.81,14.074
08/02/16 02:30:00 AM,14.385,14.074,13.81,14.074
08/02/16 02:45:00 AM,14.337,14.074,13.81,14.074
08/02/16 03:00:00 AM,14.314,14.05,13.81,14.074
08/02/16 03:15:00 AM,14.266,14.05,13.81,14.074
08/02/16 03:30:00 AM,14.242,14.026,13.81,14.074
08/02/16 03:45:00 AM,14.218,14.026,13.81,14.074
08/02/16 04:00:00 AM,14.194,14.026,13.81,14.05
08/02/16 04:15:00 AM,14.194,14.002,13.81,14.074
08/02/16 04:30:00 AM,14.17,14.002,13.834,14.074
08/02/16 04:45:00 AM,14.146,14.002,13.834,14.074
08/02/16 05:00:00 AM,14.122,13.978,13.834,14.074
08/02/16 05:15:00 AM,14.098,13.954,13.834,14.074
08/02/16 05:30:00 AM,14.074,13.954,13.834,14.074
08/02/16 05:45:00 AM,14.05,13.954,13.834,14.074
08/02/16 06:00:00 AM,14.026,13.93,13.834,14.074
08/02/16 06:15:00 AM,14.002,13.93,13.834,14.074
08/02/16 06:30:00 AM,13.978,13.93,13.834,14.074
08/02/16 06:45:00 AM,13.978,13.906,13.834,14.074
08/02/16 07:00:00 AM,13.978,13.906,13.81,14.074
08/02/16 07:15:00 AM,13.954,13.882,13.81,14.074
08/02/16 07:30:00 AM,13.954,13.882,13.81,14.074
08/02/16 07:45:00 AM,13.954,13.858,13.81,14.074
08/02/16 08:00:00 AM,13.954,13.858,13.81,14.074
08/02/16 08:15:00 AM,13.954,13.834,13.81,14.074
08/02/16 08:30:00 AM,13.93,13.858,13.81,14.074
08/02/16 08:45:00 AM,13.954,13.834,13.81,14.074
08/02/16 09:00:00 AM,13.954,13.834,13.81,14.074
08/02/16 09:15:00 AM,13.954,13.81,13.81,14.074
08/02/16 09:30:00 AM,13.954,13.81,13.786,14.098
08/02/16 09:45:00 AM,13.954,13.786,13.81,14.098
08/02/16 10:00:00 AM,13.978,13.786,13.786,14.098
08/02/16 10:15:00 AM,13.978,13.786,13.786,14.098
08/02/16 10:30:00 AM,14.002,13.786,13.786,14.098
08/02/16 10:45:00 AM,14.002,13.762,13.786,14.098
08/02/16 11:00:00 AM,14.002,13.762,13.786,14.098
08/02/16 11:15:00 AM,14.026,13.762,13.786,14.098
08/02/16 11:30:00 AM,14.05,13.762,13.786,14.098
08/02/16 11:45:00 AM,14.074,13.762,13.786,14.098
08/02/16 12:00:00 PM,14.074,13.738,13.786,14.098
08/02/16 12:15:00 PM,14.098,13.738,13.762,14.098
08/02/16 12:30:00 PM,14.122,13.738,13.762,14.098
08/02/16 12:45:00 PM,14.146,13.738,13.762,14.098
08/02/16 01:00:00 PM,14.17,13.738,13.762,14.098
08/02/16 01:15:00 PM,14.17,13.738,13.762,14.098
08/02/16 01:30:00 PM,14.194,13.738,13.762,14.098
08/02/16 01:45:00 PM,14.218,13.738,13.762,14.098
08/02/16 02:00:00 PM,14.266,13.738,13.762,14.098
08/02/16 02:15:00 PM,14.29,13.738,13.762,14.098
08/02/16 02:30:00 PM,14.314,13.738,13.738,14.098
08/02/16 02:45:00 PM,14.361,13.762,13.738,14.098
08/02/16 03:00:00 PM,14.409,13.762,13.738,14.098
08/02/16 03:15:00 PM,14.433,13.762,13.738,14.098
08/02/16 03:30:00 PM,14.481,13.762,13.738,14.098
08/02/16 03:45:00 PM,14.505,13.762,13.738,14.098
08/02/16 04:00:00 PM,14.553,13.762,13.738,14.098
08/02/16 04:15:00 PM,14.553,13.786,13.738,14.098
08/02/16 04:30:00 PM,14.577,13.786,13.738,14.098
08/02/16 04:45:00 PM,14.601,13.786,13.738,14.098
08/02/16 05:00:00 PM,14.625,13.81,13.714,14.098
08/02/16 05:15:00 PM,14.649,13.81,13.738,14.098
08/02/16 05:30:00 PM,14.649,13.81,13.714,14.098
08/02/16 05:45:00 PM,14.673,13.834,13.738,14.098
08/02/16 06:00:00 PM,14.673,13.834,13.714,14.098
08/02/16 06:15:00 PM,14.697,13.858,13.714,14.098
08/02/16 06:30:00 PM,14.697,13.858,13.714,14.098
08/02/16 06:45:00 PM,14.721,13.858,13.714,14.074
08/02/16 07:00:00 PM,14.721,13.882,13.714,14.074
08/02/16 07:15:00 PM,14.721,13.882,13.714,14.074
08/02/16 07:30:00 PM,14.721,13.906,13.714,14.074
08/02/16 07:45:00 PM,14.721,13.906,13.714,14.074
08/02/16 08:00:00 PM,14.697,13.906,13.738,14.074
08/02/16 08:15:00 PM,14.673,13.906,13.714,14.074
08/02/16 08:30:00 PM,14.673,13.906,13.714,14.074
08/02/16 08:45:00 PM,14.649,13.93,13.738,14.074
08/02/16 09:00:00 PM,14.649,13.93,13.738,14.074
08/02/16 09:15:00 PM,14.625,13.93,13.714,14.074
08/02/16 09:30:00 PM,14.625,13.93,13.738,14.074
08/02/16 09:45:00 PM,14.601,13.954,13.738,14.074
08/02/16 10:00:00 PM,14.577,13.954,13.738,14.074
08/02/16 10:15:00 PM,14.577,13.954,13.738,14.074
08/02/16 10:30:00 PM,14.577,13.954,13.738,14.074
08/02/16 10:45:00 PM,14.553,13.954,13.738,14.074
08/02/16 11:00:00 PM,14.553,13.954,13.738,14.05
08/02/16 11:15:00 PM,14.529,13.954,13.738,14.074
08/02/16 11:30:00 PM,14.529,13.954,13.738,14.074
08/02/16 11:45:00 PM,14.529,13.954,13.738,14.074
08/03/16 12:00:00 AM,14.505,13.954,13.738,14.05
08/03/16 12:15:00 AM,14.505,13.954,13.738,14.05
08/03/16 12:30:00 AM,14.481,13.954,13.738,14.074
08/03/16 12:45:00 AM,14.481,13.954,13.738,14.074
08/03/16 01:00:00 AM,14.457,13.954,13.738,14.05
08/03/16 01:15:00 AM,14.457,13.954,13.738,14.05
08/03/16 01:30:00 AM,14.433,13.954,13.738,14.05
08/03/16 01:45:00 AM,14.409,13.954,13.738,14.05
08/03/16 02:00:00 AM,14.409,13.954,13.738,14.05
08/03/16 02:15:00 AM,14.385,13.954,13.738,14.05
08/03/16 02:30:00 AM,14.385,13.93,13.738,14.05
08/03/16 02:45:00 AM,14.361,13.93,13.762,14.05
08/03/16 03:00:00 AM,14.337,13.93,13.738,14.05
08/03/16 03:15:00 AM,14.314,13.93,13.762,14.05
08/03/16 03:30:00 AM,14.314,13.93,13.762,14.05
08/03/16 03:45:00 AM,14.29,13.93,13.738,14.05
08/03/16 04:00:00 AM,14.29,13.93,13.762,14.05
08/03/16 04:15:00 AM,14.266,13.906,13.762,14.05
08/03/16 04:30:00 AM,14.266,13.906,13.762,14.05
08/03/16 04:45:00 AM,14.242,13.906,13.738,14.05
08/03/16 05:00:00 AM,14.242,13.906,13.762,14.05
08/03/16 05:15:00 AM,14.218,13.906,13.762,14.05
08/03/16 05:30:00 AM,14.218,13.882,13.762,14.05
08/03/16 05:45:00 AM,14.194,13.882,13.762,14.05
08/03/16 06:00:00 AM,14.194,13.882,13.762,14.05
08/03/16 06:15:00 AM,14.194,13.882,13.738,14.05
08/03/16 06:30:00 AM,14.17,13.858,13.762,14.05
08/03/16 06:45:00 AM,14.17,13.858,13.762,14.05
08/03/16 07:00:00 AM,14.146,13.858,13.762,14.05
08/03/16 07:15:00 AM,14.146,13.858,13.762,14.05
08/03/16 07:30:00 AM,14.146,13.858,13.762,14.05
08/03/16 07:45:00 AM,14.17,13.834,13.762,14.05
08/03/16 08:00:00 AM,14.17,13.834,13.762,14.05
08/03/16 08:15:00 AM,14.17,13.834,13.738,14.05
08/03/16 08:30:00 AM,14.17,13.834,13.738,14.05
08/03/16 08:45:00 AM,14.17,13.834,13.738,14.05
08/03/16 09:00:00 AM,14.194,13.834,13.738,14.05
08/03/16 09:15:00 AM,14.218,13.81,13.738,14.05
08/03/16 09:30:00 AM,14.266,13.81,13.738,14.05
08/03/16 09:45:00 AM,14.29,13.81,13.738,14.074
08/03/16 10:00:00 AM,14.337,13.81,13.738,14.074
08/03/16 10:15:00 AM,14.361,13.81,13.738,14.074
08/03/16 10:30:00 AM,14.409,13.81,13.738,14.074
08/03/16 10:45:00 AM,17.819,16.915,17.368,17.296
08/03/16 11:00:00 AM,19.318,18.818,18.485,18.533
08/03/16 11:12:54 AM,,,,
08/03/16 11:13:05 AM,,,,
